1 0 13 0 7.8315334 STANDARD
1 0 486 0 6.8833976 STANDARD
1 0 184 0 6.8051877 STANDARD
1 0 1268 0 5.1031437 STANDARD
1 0 792 0 5.0253816 STANDARD
1 0 12 0 4.8551073 STANDARD
1 0 875 0 4.839972 STANDARD
1 0 746 0 4.8079066 STANDARD
1 0 51 0 4.5251536 STANDARD
1 0 1144 0 3.8009853 STANDARD
1 0 141 0 3.7059085 STANDARD
1 0 747 0 3.5765612 STANDARD
1 0 1362 0 3.2707539 STANDARD
1 0 1143 0 2.9937012 STANDARD
1 0 435 0 2.9581308 STANDARD
1 0 880 0 2.9534278 STANDARD
1 0 78 0 2.8634722 STANDARD
1 0 540 0 2.8630986 STANDARD
1 0 1111 0 2.825962 STANDARD
1 0 876 0 2.821234 STANDARD
1 0 1246 0 2.7826877 STANDARD
1 0 914 0 2.745395 STANDARD
1 0 429 0 2.7134998 STANDARD
1 0 311 0 2.703188 STANDARD
1 0 1147 0 2.6693058 STANDARD
1 0 606 0 2.603013 STANDARD
1 0 1169 0 2.5596118 STANDARD
1 0 14 0 2.5405955 STANDARD
1 0 878 0 2.5339766 STANDARD
1 0 552 0 2.5315092 STANDARD
1 0 92 0 2.530807 STANDARD
1 0 252 0 2.4981272 STANDARD
1 0 1063 0 2.4563153 STANDARD
1 0 685 0 2.448614 STANDARD
1 0 102 0 2.4287446 STANDARD
1 0 52 0 2.4062204 STANDARD
1 0 202 0 2.3944583 STANDARD
1 0 686 0 2.3887215 STANDARD
1 0 1250 0 2.3807104 STANDARD
1 0 700 0 2.3555086 STANDARD
1 0 280 0 2.3499963 STANDARD
1 0 203 0 2.3338747 STANDARD
1 0 1361 0 2.3189037 STANDARD
1 0 945 0 2.3128457 STANDARD
1 0 172 0 2.2807927 STANDARD
1 0 349 0 2.2769766 STANDARD
1 0 100 0 2.276556 STANDARD
1 0 1089 0 2.2764626 STANDARD
1 0 430 0 2.2522924 STANDARD
1 0 327 0 2.2318945 STANDARD
1 0 204 0 2.2165096 STANDARD
1 0 359 0 2.2163367 STANDARD
1 0 309 0 2.2012455 STANDARD
1 0 154 0 2.1988971 STANDARD
1 0 209 0 2.1918297 STANDARD
1 0 643 0 2.1843805 STANDARD
1 0 1098 0 2.1596518 STANDARD
1 0 1012 0 2.1401556 STANDARD
1 0 874 0 2.1288183 STANDARD
1 0 195 0 2.0539246 STANDARD
1 0 781 0 2.0480027 STANDARD
1 0 1167 0 2.0467153 STANDARD
1 0 663 0 2.0278974 STANDARD
1 0 1168 0 2.0154693 STANDARD
1 0 57 0 1.9956756 STANDARD
1 0 573 0 1.9773325 STANDARD
1 0 911 0 1.9770285 STANDARD
1 0 1328 0 1.971136 STANDARD
1 0 593 0 1.9709821 STANDARD
1 0 374 0 1.9701298 STANDARD
1 0 332 0 1.9569557 STANDARD
1 0 253 0 1.9561132 STANDARD
1 0 883 0 1.9526023 STANDARD
1 0 909 0 1.9505562 STANDARD
1 0 56 0 1.9427981 STANDARD
1 0 588 0 1.931568 STANDARD
1 0 860 0 1.9038892 STANDARD
1 0 755 0 1.8611693 STANDARD
1 0 1155 0 1.8432553 STANDARD
1 0 373 0 1.8257339 STANDARD
1 0 236 0 1.8220202 STANDARD
1 0 1380 0 1.8009139 STANDARD
1 0 285 0 1.7935592 STANDARD
1 0 36 0 1.7931284 STANDARD
1 0 665 0 1.7909391 STANDARD
1 0 47 0 1.7892112 STANDARD
1 0 725 0 1.7816075 STANDARD
1 0 197 0 1.7812334 STANDARD
1 0 740 0 1.7750978 STANDARD
1 0 251 0 1.7706748 STANDARD
1 0 302 0 1.7461019 STANDARD
1 0 211 0 1.7280058 STANDARD
1 0 28 0 1.7229631 STANDARD
1 0 66 0 1.7045189 STANDARD
1 0 658 0 1.6898015 STANDARD
1 0 576 0 1.6882467 STANDARD
1 0 244 0 1.6803104 STANDARD
1 0 497 0 1.6566516 STANDARD
1 0 810 0 1.6561036 STANDARD
1 0 1303 0 1.6523509 STANDARD
1 0 378 0 1.6267935 STANDARD
1 0 1166 0 1.6238039 STANDARD
1 0 1315 0 1.620651 STANDARD
1 0 441 0 1.6189717 STANDARD
1 0 1165 0 1.611172 STANDARD
1 0 1072 0 1.6076814 STANDARD
1 0 394 0 1.6015859 STANDARD
1 0 801 0 1.5933481 STANDARD
1 0 2 0 1.5907944 STANDARD
1 0 25 0 1.5877635 STANDARD
1 0 1197 0 1.5757638 STANDARD
1 0 152 0 1.5754436 STANDARD
1 0 1003 0 1.5637103 STANDARD
1 0 1163 0 1.5553527 STANDARD
1 0 158 0 1.5547907 STANDARD
1 0 1387 0 1.5517302 STANDARD
1 0 42 0 1.5508292 STANDARD
1 0 1042 0 1.5298164 STANDARD
1 0 687 0 1.528066 STANDARD
1 0 315 0 1.5206321 STANDARD
1 0 858 0 1.5176462 STANDARD
1 0 859 0 1.5110805 STANDARD
1 0 1304 0 1.5001624 STANDARD
1 0 526 0 1.4943379 STANDARD
1 0 29 0 1.488975 STANDARD
1 0 1392 0 1.4857882 STANDARD
1 0 232 0 1.4791446 STANDARD
1 0 679 0 1.4748366 STANDARD
1 0 991 0 1.4744453 STANDARD
1 0 316 0 1.4635419 STANDARD
1 0 453 0 1.4574736 STANDARD
1 0 284 0 1.4560505 STANDARD
1 0 726 0 1.4556596 STANDARD
1 0 104 0 1.4296042 STANDARD
1 0 1101 0 1.4249861 STANDARD
1 0 1095 0 1.41348 STANDARD
1 0 345 0 1.4048269 STANDARD
1 0 799 0 1.4014949 STANDARD
1 0 1180 0 1.399444 STANDARD
1 0 193 0 1.3835934 STANDARD
1 0 712 0 1.3696626 STANDARD
1 0 103 0 1.3687005 STANDARD
1 0 404 0 1.3686739 STANDARD
1 0 370 0 1.3669323 STANDARD
1 0 1314 0 1.3634455 STANDARD
1 0 917 0 1.3537055 STANDARD
1 0 416 0 1.3417009 STANDARD
1 0 666 0 1.3381559 STANDARD
1 0 1365 0 1.3336229 STANDARD
1 0 1178 0 1.3322759 STANDARD
1 0 1074 0 1.3288481 STANDARD
1 0 758 0 1.3264002 STANDARD
1 0 59 0 1.3123498 STANDARD
1 0 1225 0 1.3022822 STANDARD
1 0 572 0 1.2997699 STANDARD
1 0 828 0 1.2973083 STANDARD
1 0 442 0 1.2905371 STANDARD
1 0 456 0 1.2895683 STANDARD
1 0 329 0 1.2818795 STANDARD
1 0 670 0 1.279154 STANDARD
1 0 1313 0 1.278737 STANDARD
1 0 35 0 1.2784733 STANDARD
1 0 502 0 1.2743284 STANDARD
1 0 681 0 1.263944 STANDARD
1 0 671 0 1.2630867 STANDARD
1 0 1338 0 1.2614646 STANDARD
1 0 795 0 1.2574263 STANDARD
1 0 571 0 1.2542806 STANDARD
1 0 817 0 1.2431818 STANDARD
1 0 300 0 1.2409711 STANDARD
1 0 1186 0 1.238602 STANDARD
1 0 1062 0 1.2382877 STANDARD
1 0 904 0 1.2374145 STANDARD
1 0 549 0 1.2355464 STANDARD
1 0 1248 0 1.229913 STANDARD
1 0 248 0 1.2294923 STANDARD
1 0 1051 0 1.2279458 STANDARD
1 0 283 0 1.2264905 STANDARD
1 0 630 0 1.2214208 STANDARD
1 0 1239 0 1.2093027 STANDARD
1 0 1088 0 1.199166 STANDARD
1 0 287 0 1.1923879 STANDARD
1 0 893 0 1.1904693 STANDARD
1 0 1260 0 1.1873931 STANDARD
1 0 124 0 1.1867331 STANDARD
1 0 415 0 1.1823657 STANDARD
1 0 756 0 1.1780179 STANDARD
1 0 364 0 1.1750871 STANDARD
1 0 1396 0 1.1719476 STANDARD
1 0 1079 0 1.1502523 STANDARD
1 0 262 0 1.149579 STANDARD
1 0 391 0 1.1408036 STANDARD
1 0 960 0 1.1387469 STANDARD
1 0 717 0 1.1379358 STANDARD
1 0 1140 0 1.1348803 STANDARD
1 0 631 0 1.1332083 STANDARD
1 0 494 0 1.1325755 STANDARD
1 0 38 0 1.1315616 STANDARD
1 0 624 0 1.1312805 STANDARD
1 0 82 0 1.1298076 STANDARD
1 0 798 0 1.121188 STANDARD
1 0 264 0 1.1196573 STANDARD
1 0 675 0 1.1184644 STANDARD
1 0 578 0 1.1155325 STANDARD
1 0 1300 0 1.1148827 STANDARD
1 0 117 0 1.113039 STANDARD
1 0 212 0 1.1104708 STANDARD
1 0 215 0 1.107321 STANDARD
1 0 1254 0 1.1024215 STANDARD
1 0 1335 0 1.0979381 STANDARD
1 0 1218 0 1.095565 STANDARD
1 0 180 0 1.0933219 STANDARD
1 0 939 0 1.0920136 STANDARD
1 0 946 0 1.0907593 STANDARD
1 0 34 0 1.0904604 STANDARD
1 0 69 0 1.0858958 STANDARD
1 0 24 0 1.0854791 STANDARD
1 0 865 0 1.0838858 STANDARD
1 0 296 0 1.0727687 STANDARD
1 0 776 0 1.0726278 STANDARD
1 0 321 0 1.0716968 STANDARD
1 0 1298 0 1.0714326 STANDARD
1 0 884 0 1.070602 STANDARD
1 0 603 0 1.0673404 STANDARD
1 0 724 0 1.0611242 STANDARD
1 0 481 0 1.0529026 STANDARD
1 0 1311 0 1.0513396 STANDARD
1 0 1332 0 1.0459476 STANDARD
1 0 811 0 1.0424573 STANDARD
1 0 1347 0 1.0409569 STANDARD
1 0 1305 0 1.0402408 STANDARD
1 0 982 0 1.0402255 STANDARD
1 0 584 0 1.0395845 STANDARD
1 0 423 0 1.0390177 STANDARD
1 0 710 0 1.0303072 STANDARD
1 0 1244 0 1.027172 STANDARD
1 0 1334 0 1.0271498 STANDARD
1 0 407 0 1.0270534 STANDARD
1 0 1124 0 1.0173426 STANDARD
1 0 541 0 1.0141668 STANDARD
1 0 824 0 1.0104426 STANDARD
1 0 962 0 1.0098203 STANDARD
1 0 445 0 1.0097499 STANDARD
1 0 62 0 1.0089972 STANDARD
1 0 1213 0 1.0058135 STANDARD
1 0 1184 0 1.0002807 STANDARD
1 0 274 0 0.99945873 STANDARD
1 0 615 0 0.99750674 STANDARD
1 0 1253 0 0.98984677 STANDARD
1 0 120 0 0.9847365 STANDARD
1 0 767 0 0.9836187 STANDARD
1 0 328 0 0.98307174 STANDARD
1 0 293 0 0.9786847 STANDARD
1 0 1068 0 0.9764381 STANDARD
1 0 721 0 0.97638446 STANDARD
1 0 431 0 0.9744723 STANDARD
1 0 1252 0 0.96878284 STANDARD
1 0 577 0 0.968446 STANDARD
1 0 1134 0 0.96831 STANDARD
1 0 637 0 0.9671146 STANDARD
1 0 509 0 0.96671385 STANDARD
1 0 1263 0 0.9639862 STANDARD
1 0 214 0 0.9635256 STANDARD
1 0 219 0 0.9631762 STANDARD
1 0 114 0 0.96108145 STANDARD
1 0 135 0 0.9605338 STANDARD
1 0 156 0 0.96035683 STANDARD
1 0 640 0 0.95821506 STANDARD
1 0 719 0 0.95719314 STANDARD
1 0 89 0 0.95517796 STANDARD
1 0 1043 0 0.9550238 STANDARD
1 0 32 0 0.9535355 STANDARD
1 0 903 0 0.9518015 STANDARD
1 0 67 0 0.94955355 STANDARD
1 0 543 0 0.9456488 STANDARD
1 0 513 0 0.94474775 STANDARD
1 0 237 0 0.9426623 STANDARD
1 0 789 0 0.9357959 STANDARD
1 0 987 0 0.9357589 STANDARD
1 0 888 0 0.93563163 STANDARD
1 0 239 0 0.93007076 STANDARD
1 0 216 0 0.924633 STANDARD
1 0 390 0 0.9235911 STANDARD
1 0 260 0 0.92316204 STANDARD
1 0 1191 0 0.9206195 STANDARD
1 0 634 0 0.9136371 STANDARD
1 0 263 0 0.9124164 STANDARD
1 0 759 0 0.90837723 STANDARD
1 0 169 0 0.9028162 STANDARD
1 0 1110 0 0.9025097 STANDARD
1 0 591 0 0.9006026 STANDARD
1 0 1087 0 0.89997166 STANDARD
1 0 413 0 0.8975243 STANDARD
1 0 439 0 0.88953686 STANDARD
1 0 464 0 0.88745946 STANDARD
1 0 1320 0 0.87922704 STANDARD
1 0 140 0 0.8786213 STANDARD
1 0 410 0 0.87828 STANDARD
1 0 75 0 0.8775834 STANDARD
1 0 58 0 0.873259 STANDARD
1 0 1294 0 0.87140274 STANDARD
1 0 916 0 0.86791617 STANDARD
1 0 177 0 0.86757475 STANDARD
1 0 229 0 0.86531234 STANDARD
1 0 511 0 0.8634359 STANDARD
1 0 220 0 0.8538381 STANDARD
1 0 720 0 0.8537214 STANDARD
1 0 908 0 0.8503314 STANDARD
1 0 1295 0 0.84791934 STANDARD
1 0 1321 0 0.84737426 STANDARD
1 0 1375 0 0.8415056 STANDARD
1 0 751 0 0.8393623 STANDARD
1 0 923 0 0.83553296 STANDARD
1 0 84 0 0.8350948 STANDARD
1 0 633 0 0.8331355 STANDARD
1 0 206 0 0.8314923 STANDARD
1 0 1066 0 0.8311297 STANDARD
1 0 493 0 0.83095205 STANDARD
1 0 882 0 0.83068514 STANDARD
1 0 319 0 0.8296846 STANDARD
1 0 879 0 0.82711047 STANDARD
1 0 1356 0 0.8261738 STANDARD
1 0 1236 0 0.8210366 STANDARD
1 0 96 0 0.81929564 STANDARD
1 0 198 0 0.81764954 STANDARD
1 0 243 0 0.8164286 STANDARD
1 0 564 0 0.8143937 STANDARD
1 0 101 0 0.81129706 STANDARD
1 0 83 0 0.81059474 STANDARD
1 0 230 0 0.81016946 STANDARD
1 0 1153 0 0.8029229 STANDARD
1 0 701 0 0.8013424 STANDARD
1 0 657 0 0.80129933 STANDARD
1 0 999 0 0.8007008 STANDARD
1 0 808 0 0.79895794 STANDARD
1 0 629 0 0.7979989 STANDARD
1 0 108 0 0.79276913 STANDARD
1 0 1181 0 0.7872534 STANDARD
1 0 123 0 0.77895653 STANDARD
1 0 707 0 0.7689654 STANDARD
1 0 1113 0 0.76722413 STANDARD
1 0 314 0 0.76569736 STANDARD
1 0 791 0 0.76544803 STANDARD
1 0 998 0 0.7628133 STANDARD
1 0 768 0 0.76266694 STANDARD
1 0 490 0 0.7624526 STANDARD
1 0 1341 0 0.7618344 STANDARD
1 0 744 0 0.7588573 STANDARD
1 0 292 0 0.7587882 STANDARD
1 0 187 0 0.7579263 STANDARD
1 0 1385 0 0.75626296 STANDARD
1 0 1035 0 0.7535578 STANDARD
1 0 20 0 0.75087327 STANDARD
1 0 519 0 0.7494095 STANDARD
1 0 1393 0 0.74738973 STANDARD
1 0 1350 0 0.74673396 STANDARD
1 0 1251 0 0.74515635 STANDARD
1 0 890 0 0.7444795 STANDARD
1 0 977 0 0.74428064 STANDARD
1 0 966 0 0.7403276 STANDARD
1 0 925 0 0.73866224 STANDARD
1 0 1056 0 0.7280982 STANDARD
1 0 912 0 0.72596383 STANDARD
1 0 1203 0 0.71931237 STANDARD
1 0 1325 0 0.71835595 STANDARD
1 0 1016 0 0.7182827 STANDARD
1 0 1000 0 0.7140854 STANDARD
1 0 213 0 0.71164984 STANDARD
1 0 1001 0 0.71160054 STANDARD
1 0 1346 0 0.7108853 STANDARD
1 0 1271 0 0.70812166 STANDARD
1 0 392 0 0.7044185 STANDARD
1 0 729 0 0.70069367 STANDARD
1 0 557 0 0.7004343 STANDARD
1 0 1310 0 0.6981898 STANDARD
1 0 76 0 0.69703436 STANDARD
1 0 1378 0 0.69672275 STANDARD
1 0 520 0 0.6915915 STANDARD
1 0 1015 0 0.6911845 STANDARD
1 0 397 0 0.6910821 STANDARD
1 0 1282 0 0.6866387 STANDARD
1 0 276 0 0.6834646 STANDARD
1 0 1290 0 0.6819074 STANDARD
1 0 1336 0 0.6808542 STANDARD
1 0 1280 0 0.6798221 STANDARD
1 0 129 0 0.67579824 STANDARD
1 0 19 0 0.67564076 STANDARD
1 0 832 0 0.6749734 STANDARD
1 0 395 0 0.6732294 STANDARD
1 0 125 0 0.6730088 STANDARD
1 0 299 0 0.67232615 STANDARD
1 0 1374 0 0.670917 STANDARD
1 0 836 0 0.6702139 STANDARD
1 0 468 0 0.6693372 STANDARD
1 0 976 0 0.66643584 STANDARD
1 0 375 0 0.66129327 STANDARD
1 0 27 0 0.6605607 STANDARD
1 0 581 0 0.65859026 STANDARD
1 0 1157 0 0.6562211 STANDARD
1 0 529 0 0.6561244 STANDARD
1 0 562 0 0.65552855 STANDARD
1 0 745 0 0.6497933 STANDARD
1 0 706 0 0.64931387 STANDARD
1 0 881 0 0.6489842 STANDARD
1 0 267 0 0.6489832 STANDARD
1 0 804 0 0.64849764 STANDARD
1 0 695 0 0.64545953 STANDARD
1 0 1324 0 0.6447408 STANDARD
1 0 131 0 0.6437253 STANDARD
1 0 1262 0 0.6430374 STANDARD
1 0 304 0 0.6392893 STANDARD
1 0 61 0 0.6389722 STANDARD
1 0 683 0 0.6380776 STANDARD
1 0 857 0 0.6376386 STANDARD
1 0 1301 0 0.6375483 STANDARD
1 0 352 0 0.63613665 STANDARD
1 0 596 0 0.6354322 STANDARD
1 0 238 0 0.6341617 STANDARD
1 0 87 0 0.63369507 STANDARD
1 0 1170 0 0.6335956 STANDARD
1 0 53 0 0.63141024 STANDARD
1 0 1219 0 0.6312732 STANDARD
1 0 163 0 0.6294413 STANDARD
1 0 986 0 0.6271493 STANDARD
1 0 1391 0 0.6182628 STANDARD
1 0 476 0 0.613486 STANDARD
1 0 536 0 0.61328244 STANDARD
1 0 592 0 0.609507 STANDARD
1 0 704 0 0.6085741 STANDARD
1 0 936 0 0.60791147 STANDARD
1 0 218 0 0.60483795 STANDARD
1 0 95 0 0.60428745 STANDARD
1 0 980 0 0.60181737 STANDARD
1 0 948 0 0.60172784 STANDARD
1 0 732 0 0.59975564 STANDARD
1 0 645 0 0.5986685 STANDARD
1 0 499 0 0.5984721 STANDARD
1 0 1259 0 0.5952478 STANDARD
1 0 138 0 0.5951483 STANDARD
1 0 1277 0 0.5926267 STANDARD
1 0 947 0 0.5922775 STANDARD
1 0 266 0 0.59190583 STANDARD
1 0 1011 0 0.59182453 STANDARD
1 0 249 0 0.58610636 STANDARD
1 0 85 0 0.5857729 STANDARD
1 0 1081 0 0.5840725 STANDARD
1 0 70 0 0.5829663 STANDARD
1 0 1337 0 0.58254117 STANDARD
1 0 1017 0 0.580881 STANDARD
1 0 406 0 0.5802023 STANDARD
1 0 673 0 0.57946485 STANDARD
1 0 816 0 0.57754856 STANDARD
1 0 600 0 0.57385933 STANDARD
1 0 388 0 0.5738382 STANDARD
1 0 240 0 0.57335955 STANDARD
1 0 662 0 0.57046646 STANDARD
1 0 183 0 0.5690674 STANDARD
1 0 383 0 0.5687792 STANDARD
1 0 1040 0 0.5680614 STANDARD
1 0 711 0 0.5663126 STANDARD
1 0 1242 0 0.5654155 STANDARD
1 0 255 0 0.5654016 STANDARD
1 0 834 0 0.56522244 STANDARD
1 0 223 0 0.55796236 STANDARD
1 0 112 0 0.557593 STANDARD
1 0 245 0 0.55470395 STANDARD
1 0 155 0 0.55437416 STANDARD
1 0 192 0 0.55250823 STANDARD
1 0 1226 0 0.5520114 STANDARD
1 0 363 0 0.55078334 STANDARD
1 0 815 0 0.5448889 STANDARD
1 0 122 0 0.544459 STANDARD
1 0 894 0 0.54421675 STANDARD
1 0 353 0 0.54302883 STANDARD
1 0 474 0 0.54215956 STANDARD
1 0 33 0 0.53941363 STANDARD
1 0 1269 0 0.53643805 STANDARD
1 0 1024 0 0.53506297 STANDARD
1 0 1329 0 0.534231 STANDARD
1 0 1064 0 0.53259414 STANDARD
1 0 297 0 0.5318295 STANDARD
1 0 1230 0 0.5304461 STANDARD
1 0 420 0 0.53044105 STANDARD
1 0 1099 0 0.5292448 STANDARD
1 0 644 0 0.52848357 STANDARD
1 0 1158 0 0.52738005 STANDARD
1 0 1120 0 0.52674305 STANDARD
1 0 151 0 0.52556235 STANDARD
1 0 689 0 0.52546453 STANDARD
1 0 1343 0 0.5246867 STANDARD
1 0 699 0 0.52405816 STANDARD
1 0 165 0 0.5226733 STANDARD
1 0 80 0 0.51974595 STANDARD
1 0 1047 0 0.5186922 STANDARD
1 0 1349 0 0.51857734 STANDARD
1 0 1161 0 0.5170865 STANDARD
1 0 1279 0 0.51588607 STANDARD
1 0 638 0 0.5150761 STANDARD
1 0 380 0 0.5126635 STANDARD
1 0 1128 0 0.5115021 STANDARD
1 0 822 0 0.51121265 STANDARD
1 0 1008 0 0.50886375 STANDARD
1 0 1398 0 0.5073556 STANDARD
1 0 303 0 0.50726897 STANDARD
1 0 408 0 0.50498664 STANDARD
1 0 1154 0 0.50468427 STANDARD
1 0 1115 0 0.50424933 STANDARD
1 0 846 0 0.5040212 STANDARD
1 0 452 0 0.5038082 STANDARD
1 0 838 0 0.50365305 STANDARD
1 0 174 0 0.5016366 STANDARD
1 0 470 0 0.501059 STANDARD
1 0 1206 0 0.50015604 STANDARD
1 0 288 0 0.4991079 STANDARD
1 0 168 0 0.49878412 STANDARD
1 0 775 0 0.4985891 STANDARD
1 0 928 0 0.49848628 STANDARD
1 0 919 0 0.49698886 STANDARD
1 0 94 0 0.4966325 STANDARD
1 0 272 0 0.49587694 STANDARD
1 0 1292 0 0.4957047 STANDARD
1 0 142 0 0.49484694 STANDARD
1 0 902 0 0.4948375 STANDARD
1 0 560 0 0.4933208 STANDARD
1 0 1265 0 0.4932458 STANDARD
1 0 787 0 0.48962298 STANDARD
1 0 531 0 0.4893935 STANDARD
1 0 466 0 0.48573327 STANDARD
1 0 868 0 0.48569557 STANDARD
1 0 922 0 0.4830553 STANDARD
1 0 518 0 0.48146933 STANDARD
1 0 9 0 0.48070732 STANDARD
1 0 1185 0 0.47891805 STANDARD
1 0 632 0 0.47872356 STANDARD
1 0 1071 0 0.4786356 STANDARD
1 0 574 0 0.47638822 STANDARD
1 0 1339 0 0.47406435 STANDARD
1 0 1333 0 0.46919012 STANDARD
1 0 555 0 0.4690093 STANDARD
1 0 739 0 0.46874622 STANDARD
1 0 139 0 0.46697307 STANDARD
1 0 896 0 0.46662128 STANDARD
1 0 636 0 0.4651898 STANDARD
1 0 1082 0 0.4650933 STANDARD
1 0 1241 0 0.4603576 STANDARD
1 0 961 0 0.4599291 STANDARD
1 0 589 0 0.45943135 STANDARD
1 0 1381 0 0.4591935 STANDARD
1 0 455 0 0.45875442 STANDARD
1 0 1020 0 0.45591953 STANDARD
1 0 1104 0 0.45555303 STANDARD
1 0 805 0 0.45487538 STANDARD
1 0 459 0 0.4537841 STANDARD
1 0 565 0 0.45073214 STANDARD
1 0 924 0 0.45057434 STANDARD
1 0 308 0 0.4503639 STANDARD
1 0 1093 0 0.4496128 STANDARD
1 0 419 0 0.44909176 STANDARD
1 0 357 0 0.44771174 STANDARD
1 0 44 0 0.4462972 STANDARD
1 0 208 0 0.4457429 STANDARD
1 0 1255 0 0.4449733 STANDARD
1 0 990 0 0.4447938 STANDARD
1 0 498 0 0.43946204 STANDARD
1 0 1160 0 0.43903726 STANDARD
1 0 1299 0 0.43592784 STANDARD
1 0 417 0 0.4345517 STANDARD
1 0 110 0 0.43416855 STANDARD
1 0 186 0 0.43313998 STANDARD
1 0 784 0 0.4331076 STANDARD
1 0 1229 0 0.43176913 STANDARD
1 0 360 0 0.4293027 STANDARD
1 0 664 0 0.42584878 STANDARD
1 0 672 0 0.42434937 STANDARD
1 0 1370 0 0.42370066 STANDARD
1 0 205 0 0.42277136 STANDARD
1 0 79 0 0.42221642 STANDARD
1 0 71 0 0.42024785 STANDARD
1 0 967 0 0.41934115 STANDARD
1 0 217 0 0.41918284 STANDARD
1 0 764 0 0.41887754 STANDARD
1 0 189 0 0.41843614 STANDARD
1 0 542 0 0.41712657 STANDARD
1 0 611 0 0.41554484 STANDARD
1 0 892 0 0.4150259 STANDARD
1 0 149 0 0.41140535 STANDARD
1 0 697 0 0.41108912 STANDARD
1 0 1151 0 0.40988997 STANDARD
1 0 1058 0 0.40983024 STANDARD
1 0 900 0 0.40979424 STANDARD
1 0 703 0 0.4080915 STANDARD
1 0 234 0 0.4074024 STANDARD
1 0 786 0 0.402394 STANDARD
1 0 1127 0 0.40220168 STANDARD
1 0 927 0 0.39765698 STANDARD
1 0 159 0 0.39486268 STANDARD
1 0 958 0 0.39470556 STANDARD
1 0 702 0 0.39226604 STANDARD
1 0 99 0 0.39162794 STANDARD
1 0 766 0 0.38967732 STANDARD
1 0 1224 0 0.3885611 STANDARD
1 0 941 0 0.38835537 STANDARD
1 0 812 0 0.3877381 STANDARD
1 0 660 0 0.38737047 STANDARD
1 0 845 0 0.3816209 STANDARD
1 0 1379 0 0.3792138 STANDARD
1 0 475 0 0.3767027 STANDARD
1 0 1237 0 0.37663966 STANDARD
1 0 401 0 0.37458262 STANDARD
1 0 1205 0 0.37368622 STANDARD
1 0 347 0 0.3681572 STANDARD
1 0 7 0 0.36539617 STANDARD
1 0 992 0 0.36179906 STANDARD
1 0 145 0 0.36005008 STANDARD
1 0 601 0 0.35598785 STANDARD
1 0 222 0 0.3550279 STANDARD
1 0 1297 0 0.3539332 STANDARD
1 0 334 0 0.35288262 STANDARD
1 0 1372 0 0.35248598 STANDARD
1 0 173 0 0.3512262 STANDARD
1 0 773 0 0.34810486 STANDARD
1 0 1164 0 0.3470227 STANDARD
1 0 348 0 0.34424397 STANDARD
1 0 170 0 0.33939824 STANDARD
1 0 116 0 0.33763024 STANDARD
1 0 484 0 0.33743563 STANDARD
1 0 835 0 0.33576685 STANDARD
1 0 797 0 0.33252606 STANDARD
1 0 1123 0 0.33021975 STANDARD
1 0 1309 0 0.32976934 STANDARD
1 0 77 0 0.32958585 STANDARD
1 0 1360 0 0.3286215 STANDARD
1 0 849 0 0.32776842 STANDARD
1 0 414 0 0.32733592 STANDARD
1 0 1278 0 0.3242015 STANDARD
1 0 105 0 0.32408768 STANDARD
1 0 743 0 0.32342783 STANDARD
1 0 523 0 0.32090214 STANDARD
1 0 201 0 0.31875336 STANDARD
1 0 362 0 0.31869942 STANDARD
1 0 847 0 0.3171921 STANDARD
1 0 1018 0 0.3141154 STANDARD
1 0 1135 0 0.31406066 STANDARD
1 0 763 0 0.31233022 STANDARD
1 0 1222 0 0.31167176 STANDARD
1 0 426 0 0.3116682 STANDARD
1 0 730 0 0.31011286 STANDARD
1 0 522 0 0.30950895 STANDARD
1 0 199 0 0.30941278 STANDARD
1 0 247 0 0.30884567 STANDARD
1 0 826 0 0.30569452 STANDARD
1 0 929 0 0.30355462 STANDARD
1 0 769 0 0.30055308 STANDARD
1 0 535 0 0.30031893 STANDARD
1 0 134 0 0.29919794 STANDARD
1 0 1028 0 0.29875234 STANDARD
1 0 1131 0 0.2983049 STANDARD
1 0 1364 0 0.29767868 STANDARD
1 0 698 0 0.29750982 STANDARD
1 0 194 0 0.29741833 STANDARD
1 0 160 0 0.29687065 STANDARD
1 0 855 0 0.2964346 STANDARD
1 0 561 0 0.29599127 STANDARD
1 0 930 0 0.29492643 STANDARD
1 0 1323 0 0.29479343 STANDARD
1 0 167 0 0.29313776 STANDARD
1 0 813 0 0.29309547 STANDARD
1 0 1055 0 0.29098797 STANDARD
1 0 1108 0 0.29059935 STANDARD
1 0 1373 0 0.28868797 STANDARD
1 0 613 0 0.28817013 STANDARD
1 0 1019 0 0.28741363 STANDARD
1 0 825 0 0.2868543 STANDARD
1 0 425 0 0.28440362 STANDARD
1 0 1308 0 0.284396 STANDARD
1 0 667 0 0.28387302 STANDARD
1 0 548 0 0.2836838 STANDARD
1 0 563 0 0.28367448 STANDARD
1 0 1044 0 0.28349409 STANDARD
1 0 8 0 0.2823822 STANDARD
1 0 447 0 0.28142 STANDARD
1 0 294 0 0.28070593 STANDARD
1 0 614 0 0.28058702 STANDARD
1 0 65 0 0.27978668 STANDARD
1 0 191 0 0.2797562 STANDARD
1 0 770 0 0.27874443 STANDARD
1 0 829 0 0.27815846 STANDARD
1 0 684 0 0.2780154 STANDARD
1 0 185 0 0.27756798 STANDARD
1 0 377 0 0.27680972 STANDARD
1 0 1261 0 0.2755998 STANDARD
1 0 479 0 0.27523392 STANDARD
1 0 639 0 0.2749026 STANDARD
1 0 503 0 0.27433792 STANDARD
1 0 301 0 0.2738594 STANDARD
1 0 1029 0 0.2734734 STANDARD
1 0 1023 0 0.27338937 STANDARD
1 0 1182 0 0.27333766 STANDARD
1 0 1388 0 0.27246404 STANDARD
1 0 886 0 0.27111796 STANDARD
1 0 1327 0 0.27071655 STANDARD
1 0 867 0 0.2694917 STANDARD
1 0 973 0 0.26942348 STANDARD
1 0 823 0 0.2690458 STANDARD
1 0 734 0 0.26863077 STANDARD
1 0 1041 0 0.26770797 STANDARD
1 0 869 0 0.2671352 STANDARD
1 0 809 0 0.2664233 STANDARD
1 0 1195 0 0.2659759 STANDARD
1 0 1340 0 0.26542175 STANDARD
1 0 1046 0 0.2647303 STANDARD
1 0 727 0 0.26460817 STANDARD
1 0 843 0 0.26434314 STANDARD
1 0 39 0 0.26433006 STANDARD
1 0 1342 0 0.26429754 STANDARD
1 0 723 0 0.264287 STANDARD
1 0 49 0 0.2631538 STANDARD
1 0 862 0 0.263126 STANDARD
1 0 1069 0 0.26307863 STANDARD
1 0 587 0 0.26280993 STANDARD
1 0 818 0 0.2614245 STANDARD
1 0 130 0 0.26067203 STANDARD
1 0 412 0 0.26058942 STANDARD
1 0 807 0 0.26058942 STANDARD
1 0 1133 0 0.25943556 STANDARD
1 0 705 0 0.2583781 STANDARD
1 0 504 0 0.25777438 STANDARD
1 0 1033 0 0.25771084 STANDARD
1 0 55 0 0.25689274 STANDARD
1 0 940 0 0.2567633 STANDARD
1 0 1027 0 0.25670522 STANDARD
1 0 1376 0 0.25659415 STANDARD
1 0 521 0 0.2564844 STANDARD
1 0 428 0 0.2564813 STANDARD
1 0 1322 0 0.25588194 STANDARD
1 0 1065 0 0.25518557 STANDARD
1 0 346 0 0.25469097 STANDARD
1 0 295 0 0.25353244 STANDARD
1 0 1302 0 0.25335968 STANDARD
1 0 1031 0 0.25323674 STANDARD
1 0 1243 0 0.25323674 STANDARD
1 0 985 0 0.25321823 STANDARD
1 0 23 0 0.25291643 STANDARD
1 0 678 0 0.25259838 STANDARD
1 0 1159 0 0.25109103 STANDARD
1 0 1287 0 0.2509111 STANDARD
1 0 241 0 0.250117 STANDARD
1 0 324 0 0.250117 STANDARD
1 0 1202 0 0.2494541 STANDARD
1 0 1119 0 0.24926457 STANDARD
1 0 339 0 0.24892895 STANDARD
1 0 515 0 0.24773058 STANDARD
1 0 516 0 0.24681707 STANDARD
1 0 556 0 0.24672456 STANDARD
1 0 547 0 0.24634235 STANDARD
1 0 870 0 0.24551398 STANDARD
1 0 969 0 0.24520096 STANDARD
1 0 951 0 0.245173 STANDARD
1 0 361 0 0.24497652 STANDARD
1 0 376 0 0.24486257 STANDARD
1 0 738 0 0.24479884 STANDARD
1 0 935 0 0.24475738 STANDARD
1 0 1397 0 0.24315414 STANDARD
1 0 741 0 0.24261326 STANDARD
1 0 355 0 0.24256805 STANDARD
1 0 617 0 0.24183387 STANDARD
1 0 1005 0 0.24160458 STANDARD
1 0 621 0 0.24155353 STANDARD
1 0 1196 0 0.24152885 STANDARD
1 0 1190 0 0.24151292 STANDARD
1 0 68 0 0.2414917 STANDARD
1 0 567 0 0.24052061 STANDARD
1 0 1355 0 0.23985924 STANDARD
1 0 469 0 0.23868527 STANDARD
1 0 668 0 0.23817268 STANDARD
1 0 771 0 0.23817268 STANDARD
1 0 290 0 0.2381139 STANDARD
1 0 369 0 0.23795798 STANDARD
1 0 411 0 0.23704025 STANDARD
1 0 839 0 0.23662947 STANDARD
1 0 1162 0 0.2358145 STANDARD
1 0 1228 0 0.23470287 STANDARD
1 0 889 0 0.2346479 STANDARD
1 0 599 0 0.23270732 STANDARD
1 0 1052 0 0.23248929 STANDARD
1 0 421 0 0.23225887 STANDARD
1 0 1010 0 0.23193927 STANDARD
1 0 937 0 0.23155847 STANDARD
1 0 457 0 0.23137023 STANDARD
1 0 18 0 0.23121218 STANDARD
1 0 228 0 0.23048835 STANDARD
1 0 30 0 0.22872569 STANDARD
1 0 979 0 0.22839423 STANDARD
1 0 586 0 0.22826824 STANDARD
1 0 1353 0 0.22820322 STANDARD
1 0 1345 0 0.22812878 STANDARD
1 0 691 0 0.22731338 STANDARD
1 0 566 0 0.22698237 STANDARD
1 0 454 0 0.22653209 STANDARD
1 0 1009 0 0.22632505 STANDARD
1 0 1173 0 0.22555842 STANDARD
1 0 1129 0 0.22543226 STANDARD
1 0 1235 0 0.22542803 STANDARD
1 0 1208 0 0.22460465 STANDARD
1 0 166 0 0.22440952 STANDARD
1 0 933 0 0.22420262 STANDARD
1 0 1105 0 0.22353436 STANDARD
1 0 1092 0 0.22308138 STANDARD
1 0 676 0 0.22308093 STANDARD
1 0 132 0 0.22182679 STANDARD
1 0 1007 0 0.22114755 STANDARD
1 0 1002 0 0.22112924 STANDARD
1 0 350 0 0.2207754 STANDARD
1 0 37 0 0.2205027 STANDARD
1 0 409 0 0.22009681 STANDARD
1 0 796 0 0.2200679 STANDARD
1 0 278 0 0.21961784 STANDARD
1 0 873 0 0.21945915 STANDARD
1 0 964 0 0.21923876 STANDARD
1 0 749 0 0.21913669 STANDARD
1 0 1076 0 0.21846454 STANDARD
1 0 17 0 0.21804628 STANDARD
1 0 820 0 0.21786077 STANDARD
1 0 760 0 0.21641697 STANDARD
1 0 1247 0 0.21637574 STANDARD
1 0 289 0 0.21634202 STANDARD
1 0 997 0 0.21629593 STANDARD
1 0 975 0 0.21624969 STANDARD
1 0 275 0 0.21565804 STANDARD
1 0 256 0 0.21563552 STANDARD
1 0 1289 0 0.2155904 STANDARD
1 0 389 0 0.21551402 STANDARD
1 0 97 0 0.21520826 STANDARD
1 0 861 0 0.21473576 STANDARD
1 0 1136 0 0.2142532 STANDARD
1 0 626 0 0.21410212 STANDARD
1 0 508 0 0.21244967 STANDARD
1 0 1179 0 0.2117123 STANDARD
1 0 43 0 0.2110926 STANDARD
1 0 450 0 0.21038087 STANDARD
1 0 659 0 0.20990229 STANDARD
1 0 944 0 0.20631485 STANDARD
1 0 595 0 0.2062397 STANDARD
1 0 1214 0 0.20619674 STANDARD
1 0 872 0 0.20491631 STANDARD
1 0 1383 0 0.20409004 STANDARD
1 0 528 0 0.20342378 STANDARD
1 0 1330 0 0.20178418 STANDARD
1 0 783 0 0.2017447 STANDARD
1 0 1354 0 0.20169792 STANDARD
1 0 1384 0 0.2016487 STANDARD
1 0 171 0 0.2007454 STANDARD
1 0 806 0 0.20057487 STANDARD
1 0 1286 0 0.2003063 STANDARD
1 0 907 0 0.19994074 STANDARD
1 0 895 0 0.19726034 STANDARD
1 0 981 0 0.19723117 STANDARD
1 0 866 0 0.19708273 STANDARD
1 0 856 0 0.19683063 STANDARD
1 0 752 0 0.1960865 STANDARD
1 0 472 0 0.1937614 STANDARD
1 0 1039 0 0.19359724 STANDARD
1 0 788 0 0.19209033 STANDARD
1 0 1240 0 0.1916075 STANDARD
1 0 506 0 0.19126709 STANDARD
1 0 491 0 0.19122495 STANDARD
1 0 188 0 0.19089457 STANDARD
1 0 1199 0 0.19088554 STANDARD
1 0 753 0 0.18958068 STANDARD
1 0 623 0 0.18906406 STANDARD
1 0 210 0 0.1881497 STANDARD
1 0 653 0 0.18575288 STANDARD
1 0 325 0 0.18556193 STANDARD
1 0 656 0 0.18556193 STANDARD
1 0 381 0 0.1853551 STANDARD
1 0 1307 0 0.18526584 STANDARD
1 0 1032 0 0.18496822 STANDARD
1 0 1212 0 0.18457568 STANDARD
1 0 179 0 0.18388863 STANDARD
1 0 485 0 0.18381526 STANDARD
1 0 281 0 0.18355863 STANDARD
1 0 282 0 0.18331818 STANDARD
1 0 688 0 0.1831993 STANDARD
1 0 148 0 0.18306479 STANDARD
1 0 1257 0 0.18306479 STANDARD
1 0 575 0 0.18201208 STANDARD
1 0 649 0 0.18199185 STANDARD
1 0 72 0 0.18176857 STANDARD
1 0 569 0 0.18175042 STANDARD
1 0 40 0 0.18056145 STANDARD
1 0 190 0 0.18055052 STANDARD
1 0 1084 0 0.17997383 STANDARD
1 0 731 0 0.17867117 STANDARD
1 0 1198 0 0.17855355 STANDARD
1 0 782 0 0.17737436 STANDARD
1 0 393 0 0.17715839 STANDARD
1 0 385 0 0.17611893 STANDARD
1 0 196 0 0.17562138 STANDARD
1 0 366 0 0.17560306 STANDARD
1 0 538 0 0.17556073 STANDARD
1 0 757 0 0.17482187 STANDARD
1 0 143 0 0.1738035 STANDARD
1 0 291 0 0.1738035 STANDARD
1 0 437 0 0.17118944 STANDARD
1 0 1141 0 0.17118944 STANDARD
1 0 46 0 0.17114048 STANDARD
1 0 1201 0 0.17098671 STANDARD
1 0 178 0 0.16891298 STANDARD
1 0 1359 0 0.16891298 STANDARD
1 0 996 0 0.16689532 STANDARD
1 0 794 0 0.16687615 STANDARD
1 0 517 0 0.16669625 STANDARD
1 0 1348 0 0.16669625 STANDARD
1 0 207 0 0.16648364 STANDARD
1 0 354 0 0.16459613 STANDARD
1 0 1318 0 0.16453697 STANDARD
1 0 1204 0 0.16327547 STANDARD
1 0 356 0 0.16263351 STANDARD
1 0 750 0 0.15882063 STANDARD
1 0 1275 0 0.15489265 STANDARD
1 0 1090 0 0.15475012 STANDARD
1 0 403 0 0.15133381 STANDARD
1 0 1189 0 0.15129665 STANDARD
1 0 343 0 0.15122905 STANDARD
1 0 113 0 0.1510676 STANDARD
1 0 1187 0 0.1476735 STANDARD
1 0 1075 0 0.14756162 STANDARD
1 0 487 0 0.14735793 STANDARD
1 0 1175 0 0.1472921 STANDARD
1 0 127 0 0.14453709 STANDARD
1 0 351 0 0.14447169 STANDARD
1 0 1394 0 0.14444165 STANDARD
1 0 674 0 0.14423013 STANDARD
1 0 1210 0 0.14401647 STANDARD
1 0 646 0 0.14216828 STANDARD
1 0 608 0 0.14128584 STANDARD
1 0 625 0 0.14091189 STANDARD
1 0 602 0 0.13830794 STANDARD
1 0 1193 0 0.13830794 STANDARD
1 0 379 0 0.13826199 STANDARD
1 0 448 0 0.13826199 STANDARD
1 0 765 0 0.138238 STANDARD
1 0 1183 0 0.138238 STANDARD
1 0 63 0 0.13776845 STANDARD
1 0 1057 0 0.13536336 STANDARD
1 0 338 0 0.13531935 STANDARD
1 0 554 0 0.13531935 STANDARD
1 0 968 0 0.13528654 STANDARD
1 0 371 0 0.13517295 STANDARD
1 0 344 0 0.13500613 STANDARD
1 0 1194 0 0.13256717 STANDARD
1 0 605 0 0.1325473 STANDARD
1 0 777 0 0.1325473 STANDARD
1 0 306 0 0.13244145 STANDARD
1 0 147 0 0.13237214 STANDARD
1 0 3 0 0.13111967 STANDARD
1 0 405 0 0.13092755 STANDARD
1 0 340 0 0.12808953 STANDARD
1 0 899 0 0.12733988 STANDARD
1 0 1371 0 0.12710539 STANDARD
1 0 965 0 0.124200776 STANDARD
1 0 864 0 0.12409791 STANDARD
1 0 384 0 0.124071956 STANDARD
1 0 921 0 0.12249882 STANDARD
1 0 959 0 0.12248657 STANDARD
1 0 162 0 0.122367226 STANDARD
1 0 1149 0 0.12235871 STANDARD
1 0 635 0 0.12231648 STANDARD
1 0 440 0 0.12201792 STANDARD
1 0 553 0 0.121071585 STANDARD
1 0 737 0 0.12106568 STANDARD
1 0 910 0 0.121062405 STANDARD
1 0 492 0 0.12105044 STANDARD
1 0 1177 0 0.121042036 STANDARD
1 0 233 0 0.121036224 STANDARD
1 0 286 0 0.12098895 STANDARD
1 0 618 0 0.118092686 STANDARD
1 0 432 0 0.11805746 STANDARD
1 0 1114 0 0.118052356 STANDARD
1 0 1073 0 0.11802565 STANDARD
1 0 628 0 0.11793456 STANDARD
1 0 693 0 0.11661555 STANDARD
1 0 1 0 0.11525321 STANDARD
1 0 1217 0 0.11524304 STANDARD
1 0 1352 0 0.11523541 STANDARD
1 0 692 0 0.11521519 STANDARD
1 0 546 0 0.11430158 STANDARD
1 0 257 0 0.11386007 STANDARD
1 0 1097 0 0.11384153 STANDARD
1 0 1281 0 0.11384153 STANDARD
1 0 622 0 0.11375706 STANDARD
1 0 1174 0 0.11262237 STANDARD
1 0 716 0 0.112590574 STANDARD
1 0 1146 0 0.11258961 STANDARD
1 0 934 0 0.11257168 STANDARD
1 0 119 0 0.11256762 STANDARD
1 0 1363 0 0.11255229 STANDARD
1 0 482 0 0.11255221 STANDARD
1 0 1085 0 0.11254626 STANDARD
1 0 1050 0 0.11252642 STANDARD
1 0 1288 0 0.11251288 STANDARD
1 0 619 0 0.11249019 STANDARD
1 0 489 0 0.11247568 STANDARD
1 0 73 0 0.11002997 STANDARD
1 0 877 0 0.11001972 STANDARD
1 0 231 0 0.11000804 STANDARD
1 0 128 0 0.110004984 STANDARD
1 0 827 0 0.109998174 STANDARD
1 0 1130 0 0.10999742 STANDARD
1 0 844 0 0.1099924 STANDARD
1 0 48 0 0.1099671 STANDARD
1 0 891 0 0.10996173 STANDARD
1 0 146 0 0.10994259 STANDARD
1 0 157 0 0.10992851 STANDARD
1 0 1096 0 0.10914479 STANDARD
1 0 627 0 0.107629806 STANDARD
1 0 840 0 0.107625686 STANDARD
1 0 853 0 0.10762411 STANDARD
1 0 1245 0 0.10762046 STANDARD
1 0 1100 0 0.107613884 STANDARD
1 0 906 0 0.10761257 STANDARD
1 0 650 0 0.10760802 STANDARD
1 0 396 0 0.10757526 STANDARD
1 0 1116 0 0.10756084 STANDARD
1 0 802 0 0.10755691 STANDARD
1 0 1122 0 0.107554145 STANDARD
1 0 277 0 0.10755208 STANDARD
1 0 1118 0 0.107550524 STANDARD
1 0 898 0 0.107548326 STANDARD
1 0 1060 0 0.10754135 STANDARD
1 0 582 0 0.1075404 STANDARD
1 0 433 0 0.10753489 STANDARD
1 0 950 0 0.10751558 STANDARD
1 0 984 0 0.1075089 STANDARD
1 0 111 0 0.10521766 STANDARD
1 0 952 0 0.105171494 STANDARD
1 0 1139 0 0.10514977 STANDARD
1 0 532 0 0.10511681 STANDARD
1 0 427 0 0.10306994 STANDARD
1 0 785 0 0.10306164 STANDARD
1 0 830 0 0.10306111 STANDARD
1 0 733 0 0.103039965 STANDARD
1 0 1034 0 0.103039965 STANDARD
1 0 761 0 0.10303851 STANDARD
1 0 330 0 0.10303743 STANDARD
1 0 1138 0 0.10303602 STANDARD
1 0 1045 0 0.10303469 STANDARD
1 0 368 0 0.10302365 STANDARD
1 0 957 0 0.103009194 STANDARD
1 0 913 0 0.10300889 STANDARD
1 0 1022 0 0.10300514 STANDARD
1 0 1030 0 0.10299912 STANDARD
1 0 1389 0 0.1029962 STANDARD
1 0 1025 0 0.10299372 STANDARD
1 0 399 0 0.10299363 STANDARD
1 0 1026 0 0.10298819 STANDARD
1 0 1351 0 0.10296941 STANDARD
1 0 150 0 0.10296568 STANDARD
1 0 1291 0 0.10296038 STANDARD
1 0 1221 0 0.10294175 STANDARD
1 0 298 0 0.10294086 STANDARD
1 0 1021 0 0.102934234 STANDARD
1 0 31 0 0.102905825 STANDARD
1 0 905 0 0.102902524 STANDARD
1 0 227 0 0.10289758 STANDARD
1 0 690 0 0.10084768 STANDARD
1 0 714 0 0.10083118 STANDARD
1 0 994 0 0.100789204 STANDARD
1 0 372 0 0.10076623 STANDARD
1 0 107 0 0.09885101 STANDARD
1 0 1013 0 0.098831564 STANDARD
1 0 736 0 0.098829515 STANDARD
1 0 137 0 0.09881871 STANDARD
1 0 446 0 0.09881494 STANDARD
1 0 1014 0 0.09880484 STANDARD
1 0 932 0 0.09879577 STANDARD
1 0 16 0 0.09879482 STANDARD
1 0 863 0 0.09878791 STANDARD
1 0 963 0 0.098785274 STANDARD
1 0 1399 0 0.09877807 STANDARD
1 0 434 0 0.09877668 STANDARD
1 0 831 0 0.09876942 STANDARD
1 0 1132 0 0.098767735 STANDARD
1 0 848 0 0.09875783 STANDARD
1 0 1176 0 0.09874719 STANDARD
1 0 221 0 0.09873843 STANDARD
1 0 1293 0 0.09873698 STANDARD
1 0 814 0 0.09872859 STANDARD
1 0 728 0 0.09872696 STANDARD
1 0 1070 0 0.098676525 STANDARD
1 0 713 0 0.09739997 STANDARD
1 0 1094 0 0.097379856 STANDARD
1 0 1156 0 0.0967844 STANDARD
1 0 1382 0 0.09677511 STANDARD
1 0 279 0 0.09666346 STANDARD
1 0 1117 0 0.09497313 STANDARD
1 0 1038 0 0.094962284 STANDARD
1 0 1273 0 0.09496181 STANDARD
1 0 1083 0 0.09494898 STANDARD
1 0 317 0 0.09494885 STANDARD
1 0 182 0 0.09494629 STANDARD
1 0 463 0 0.09494451 STANDARD
1 0 772 0 0.094938636 STANDARD
1 0 648 0 0.09492894 STANDARD
1 0 1137 0 0.09492557 STANDARD
1 0 400 0 0.09492121 STANDARD
1 0 449 0 0.09491627 STANDARD
1 0 1006 0 0.09491627 STANDARD
1 0 126 0 0.094909586 STANDARD
1 0 246 0 0.09489399 STANDARD
1 0 1036 0 0.094881825 STANDARD
1 0 780 0 0.09487838 STANDARD
1 0 1004 0 0.09487304 STANDARD
1 0 1037 0 0.09486371 STANDARD
1 0 258 0 0.09456591 STANDARD
1 0 342 0 0.09139351 STANDARD
1 0 1369 0 0.091390505 STANDARD
1 0 897 0 0.091368884 STANDARD
1 0 1216 0 0.09136532 STANDARD
1 0 722 0 0.09136323 STANDARD
1 0 235 0 0.09136031 STANDARD
1 0 331 0 0.09135953 STANDARD
1 0 1220 0 0.09135858 STANDARD
1 0 974 0 0.09135711 STANDARD
1 0 579 0 0.0913554 STANDARD
1 0 496 0 0.09135014 STANDARD
1 0 953 0 0.091343075 STANDARD
1 0 478 0 0.09134112 STANDARD
1 0 954 0 0.09134112 STANDARD
1 0 1357 0 0.09132905 STANDARD
1 0 1215 0 0.0913269 STANDARD
1 0 1145 0 0.09132615 STANDARD
1 0 594 0 0.09130719 STANDARD
1 0 709 0 0.091302514 STANDARD
1 0 1296 0 0.09130035 STANDARD
1 0 854 0 0.091297574 STANDARD
1 0 1358 0 0.09129407 STANDARD
1 0 1367 0 0.09128981 STANDARD
1 0 655 0 0.091270775 STANDARD
1 0 742 0 0.09126096 STANDARD
1 0 106 0 0.091252126 STANDARD
1 0 10 0 0.09119005 STANDARD
1 0 161 0 0.09118154 STANDARD
1 0 1125 0 0.0880601 STANDARD
1 0 926 0 0.08805078 STANDARD
1 0 955 0 0.088040516 STANDARD
1 0 559 0 0.08803384 STANDARD
1 0 956 0 0.08803112 STANDARD
1 0 64 0 0.08802902 STANDARD
1 0 461 0 0.08802724 STANDARD
1 0 271 0 0.08801563 STANDARD
1 0 1150 0 0.088014565 STANDARD
1 0 133 0 0.08800481 STANDARD
1 0 718 0 0.08800292 STANDARD
1 0 501 0 0.087999 STANDARD
1 0 109 0 0.08799202 STANDARD
1 0 682 0 0.08798946 STANDARD
1 0 841 0 0.087988175 STANDARD
1 0 226 0 0.08797756 STANDARD
1 0 1054 0 0.08797173 STANDARD
1 0 551 0 0.087966405 STANDARD
1 0 1344 0 0.08795942 STANDARD
1 0 735 0 0.0879562 STANDARD
1 0 920 0 0.08789745 STANDARD
1 0 1067 0 0.08786252 STANDARD
1 0 654 0 0.08496645 STANDARD
1 0 458 0 0.08494752 STANDARD
1 0 1142 0 0.08494064 STANDARD
1 0 477 0 0.0849405 STANDARD
1 0 313 0 0.08493158 STANDARD
1 0 1326 0 0.08492503 STANDARD
1 0 774 0 0.08491015 STANDARD
1 0 949 0 0.08490912 STANDARD
1 0 358 0 0.08490522 STANDARD
1 0 1086 0 0.08488891 STANDARD
1 0 269 0 0.08487664 STANDARD
1 0 590 0 0.08485619 STANDARD
1 0 225 0 0.08424546 STANDARD
1 0 367 0 0.08211375 STANDARD
1 0 616 0 0.0821084 STANDARD
1 0 677 0 0.082081966 STANDARD
1 0 176 0 0.082081474 STANDARD
1 0 467 0 0.08207051 STANDARD
1 0 642 0 0.082070455 STANDARD
1 0 118 0 0.08206846 STANDARD
1 0 1172 0 0.0820673 STANDARD
1 0 708 0 0.08205953 STANDARD
1 0 1126 0 0.08205911 STANDARD
1 0 307 0 0.08205858 STANDARD
1 0 50 0 0.08204746 STANDARD
1 0 1390 0 0.08202761 STANDARD
1 0 1121 0 0.08202285 STANDARD
1 0 1112 0 0.08201588 STANDARD
1 0 534 0 0.08200655 STANDARD
1 0 885 0 0.08200655 STANDARD
1 0 488 0 0.08199186 STANDARD
1 0 833 0 0.08195863 STANDARD
1 0 837 0 0.081950694 STANDARD
1 0 242 0 0.0794371 STANDARD
1 0 1400 0 0.079428166 STANDARD
1 0 510 0 0.07941353 STANDARD
1 0 259 0 0.07940573 STANDARD
1 0 1377 0 0.07940566 STANDARD
1 0 803 0 0.079391874 STANDARD
1 0 74 0 0.07938496 STANDARD
1 0 224 0 0.079377845 STANDARD
1 0 322 0 0.07935913 STANDARD
1 0 887 0 0.079342976 STANDARD
1 0 86 0 0.079326324 STANDARD
1 0 1234 0 0.07927694 STANDARD
1 0 336 0 0.079184934 STANDARD
1 0 544 0 0.079162225 STANDARD
1 0 45 0 0.07693638 STANDARD
1 0 988 0 0.076931454 STANDARD
1 0 851 0 0.07692846 STANDARD
1 0 852 0 0.07692374 STANDARD
1 0 443 0 0.076913066 STANDARD
1 0 1061 0 0.07691291 STANDARD
1 0 754 0 0.07689609 STANDARD
1 0 365 0 0.07688757 STANDARD
1 0 558 0 0.07687858 STANDARD
1 0 993 0 0.076855235 STANDARD
1 0 1331 0 0.07684615 STANDARD
1 0 609 0 0.07683605 STANDARD
1 0 1077 0 0.0768105 STANDARD
1 0 1316 0 0.07678976 STANDARD
1 0 254 0 0.07670737 STANDARD
1 0 320 0 0.07662442 STANDARD
1 0 341 0 0.07453246 STANDARD
1 0 153 0 0.07451906 STANDARD
1 0 651 0 0.07450845 STANDARD
1 0 1223 0 0.07447968 STANDARD
1 0 4 0 0.0744667 STANDARD
1 0 597 0 0.074461564 STANDARD
1 0 1192 0 0.07233859 STANDARD
1 0 568 0 0.072313175 STANDARD
1 0 641 0 0.072313175 STANDARD
1 0 1106 0 0.07230184 STANDARD
1 0 661 0 0.07227726 STANDARD
1 0 938 0 0.07024688 STANDARD
1 0 54 0 0.07022651 STANDARD
1 0 1276 0 0.07020722 STANDARD
1 0 612 0 0.07017722 STANDARD
1 0 1078 0 0.07016994 STANDARD
1 0 422 0 0.07016896 STANDARD
1 0 1171 0 0.07012584 STANDARD
1 0 200 0 0.07011869 STANDARD
1 0 545 0 0.07010123 STANDARD
1 0 1091 0 0.06820502 STANDARD
1 0 1312 0 0.06641733 STANDARD
1 0 647 0 0.06630656 STANDARD
1 0 326 0 0.066265896 STANDARD
1 0 1386 0 0.06461066 STANDARD
1 0 779 0 0.063012466 STANDARD
1 0 972 0 0.063012466 STANDARD
1 0 604 0 0.06138383 STANDARD
1 0 694 0 0.061380517 STANDARD
1 0 1107 0 0.058470815 STANDARD
1 0 715 0 0.055819515 STANDARD
1 0 970 0 0.054590188 STANDARD
1 0 696 0 0.051171966 STANDARD
1 0 15 0 0.0011841602 STANDARD
1 0 88 0 0.0011841602 STANDARD
1 0 915 0 0.0011817038 STANDARD
1 0 26 0 0.0011815176 STANDARD
1 0 507 0 0.0011809224 STANDARD
1 0 1368 0 0.001178686 STANDARD
1 0 11 0 0.0011738334 STANDARD
1 0 462 0 0.0011652539 STANDARD
1 0 790 0 0.0011620569 STANDARD
1 0 273 0 0.0011608982 STANDARD
1 0 402 0 0.0011608982 STANDARD
1 0 1231 0 0.0011583271 STANDARD
1 0 175 0 0.0011575688 STANDARD
1 0 451 0 0.0011575688 STANDARD
1 0 1049 0 0.0011537108 STANDARD
1 0 583 0 0.0011529815 STANDARD
1 0 989 0 0.0011526174 STANDARD
1 0 1059 0 0.0011526174 STANDARD
1 0 1209 0 0.0011523989 STANDARD
1 0 598 0 0.0011480246 STANDARD
1 0 310 0 0.0011478838 STANDARD
1 0 580 0 0.0011478838 STANDARD
1 0 610 0 0.0011478838 STANDARD
1 0 943 0 0.0011478838 STANDARD
1 0 1207 0 0.0011467255 STANDARD
1 0 1366 0 0.0011467255 STANDARD
1 0 164 0 0.0011462932 STANDARD
1 0 1080 0 0.0011446804 STANDARD
1 0 1211 0 0.0011436394 STANDARD
1 0 778 0 0.0011434739 STANDARD
1 0 337 0 0.0011422896 STANDARD
1 0 652 0 0.0011422896 STANDARD
1 0 1227 0 0.0011422896 STANDARD
1 0 1264 0 0.0011416572 STANDARD
1 0 480 0 0.0011385327 STANDARD
1 0 505 0 0.0011385327 STANDARD
1 0 268 0 0.0011382282 STANDARD
1 0 60 0 0.0011379999 STANDARD
1 0 1317 0 0.0011367927 STANDARD
1 0 539 0 0.0011344799 STANDARD
1 0 850 0 0.0011344799 STANDARD
1 0 1053 0 0.0011328576 STANDARD
1 0 1238 0 0.0011328576 STANDARD
1 0 1258 0 0.0011328576 STANDARD
1 0 305 0 0.0011324158 STANDARD
1 0 444 0 0.0011310923 STANDARD
1 0 680 0 0.0011255394 STANDARD
1 0 901 0 0.0011255394 STANDARD
1 0 1109 0 0.0011255394 STANDARD
1 0 90 0 0.0011237487 STANDARD
1 0 1232 0 0.0011237487 STANDARD
1 0 1103 0 0.0011212511 STANDARD
1 0 1102 0 0.001120238 STANDARD
1 0 1270 0 0.0011193005 STANDARD
1 0 418 0 0.0011175256 STANDARD
1 0 93 0 0.0011126021 STANDARD
1 0 424 0 0.0011126021 STANDARD
1 0 438 0 0.0011121401 STANDARD
1 0 1267 0 0.0011121401 STANDARD
1 0 530 0 0.0011093437 STANDARD
1 0 1200 0 0.001107028 STANDARD
1 0 436 0 0.0011068063 STANDARD
1 0 512 0 0.0011068063 STANDARD
1 0 819 0 0.0011040854 STANDARD
1 0 942 0 0.0011022788 STANDARD
1 0 41 0 0.0011015234 STANDARD
1 0 978 0 0.0011015234 STANDARD
1 0 533 0 0.001100769 STANDARD
1 0 465 0 0.0010956981 STANDARD
1 0 500 0 0.0010956981 STANDARD
1 0 918 0 0.0010956981 STANDARD
1 0 620 0 0.0010946462 STANDARD
1 0 312 0 0.0010911075 STANDARD
1 0 537 0 0.0010911075 STANDARD
1 0 607 0 0.0010903673 STANDARD
1 0 1284 0 0.0010884157 STANDARD
1 0 585 0 0.0010874374 STANDARD
1 0 181 0 0.0010869437 STANDARD
1 0 1048 0 0.0010835414 STANDARD
1 0 748 0 0.001081614 STANDARD
1 0 800 0 0.001081614 STANDARD
1 0 398 0 0.0010768003 STANDARD
1 0 1272 0 0.0010758478 STANDARD
1 0 250 0 0.0010734611 STANDARD
1 0 21 0 0.0010701426 STANDARD
1 0 514 0 0.0010659095 STANDARD
1 0 527 0 0.0010659095 STANDARD
1 0 333 0 0.0010635668 STANDARD
1 0 842 0 0.0010635668 STANDARD
1 0 121 0 0.0010633857 STANDARD
1 0 144 0 0.0010633857 STANDARD
1 0 1256 0 0.0010570713 STANDARD
1 0 115 0 0.0010552369 STANDARD
1 0 98 0 0.0010506546 STANDARD
1 0 1274 0 0.0010494923 STANDARD
1 0 261 0 0.0010479338 STANDARD
1 0 762 0 0.0010479338 STANDARD
1 0 81 0 0.001046574 STANDARD
1 0 323 0 0.0010380521 STANDARD
1 0 1148 0 0.0010380521 STANDARD
1 0 1283 0 0.0010380521 STANDARD
1 0 1152 0 0.001035163 STANDARD
1 0 136 0 0.0010257484 STANDARD
1 0 265 0 0.0010257484 STANDARD
1 0 983 0 0.0010257484 STANDARD
1 0 483 0 0.0010236835 STANDARD
1 0 22 0 0.0010197053 STANDARD
1 0 669 0 0.0010197053 STANDARD
1 0 1319 0 0.0010179982 STANDARD
1 0 1306 0 0.0010080334 STANDARD
1 0 495 0 0.0010078301 STANDARD
1 0 270 0 0.0010041599 STANDARD
1 0 460 0 9.962284E-4 STANDARD
1 0 1233 0 9.962284E-4 STANDARD
1 0 1285 0 9.864885E-4 STANDARD
1 0 525 0 9.848907E-4 STANDARD
1 0 550 0 9.848907E-4 STANDARD
1 0 1188 0 9.840939E-4 STANDARD
1 0 387 0 9.781263E-4 STANDARD
1 0 524 0 9.781263E-4 STANDARD
1 0 871 0 9.781263E-4 STANDARD
1 0 1249 0 9.5386896E-4 STANDARD
1 0 318 0 9.5237506E-4 STANDARD
1 0 793 0 9.420084E-4 STANDARD
1 0 335 0 9.233376E-4 STANDARD
1 0 570 0 9.233376E-4 STANDARD
1 0 6 0 8.9470006E-4 STANDARD
1 0 473 0 8.810373E-4 STANDARD
1 0 382 0 8.4595894E-4 STANDARD
1 0 971 0 8.4244297E-4 STANDARD
1 0 91 0 8.185386E-4 STANDARD
1 0 5 0 8.0466375E-4 STANDARD
1 0 931 0 8.0466375E-4 STANDARD
1 0 821 0 7.571441E-4 STANDARD
1 0 386 0 7.2846434E-4 STANDARD
