1 0 184 3
1 0 29 3
1 0 31 3
1 0 12 2
1 0 51 2
1 0 102 2
1 0 13 1
1 0 14 1
1 0 15 1
1 0 57 3
1 0 378 3
1 0 859 3
1 0 185 2
1 0 30 2
1 0 37 2
1 0 52 1
1 0 142 1
1 0 195 1
1 0 875 3
1 0 56 2
1 0 66 2
1 0 95 2
1 0 462 1
1 0 497 2
1 0 858 2
1 0 876 2
1 0 879 2
1 0 880 2
1 0 486 5
2 0 12 4
2 0 15 3
2 0 184 3
2 0 858 3
2 0 51 2
2 0 102 2
2 0 202 2
2 0 14 1
2 0 52 1
2 0 380 1
2 0 746 4
2 0 859 3
2 0 948 3
2 0 285 2
2 0 390 2
2 0 391 2
2 0 442 1
2 0 497 2
2 0 643 2
2 0 856 2
2 0 857 2
2 0 877 2
2 0 864 2
2 0 658 2
2 0 486 5
3 0 5 2
3 0 6 2
3 0 90 2
3 0 91 2
3 0 119 2
3 0 144 2
3 0 181 2
3 0 399 2
3 0 485 5
4 0 236 2
4 0 166 2
4 0 488 5
5 0 552 4
5 0 401 2
5 0 1297 2
5 0 1296 4
5 0 488 5
6 0 99 3
6 0 115 2
6 0 257 2
6 0 258 2
6 0 491 5
7 0 20 3
7 0 56 2
7 0 57 2
7 0 58 2
7 0 19 1
7 0 492 5
8 0 48 4
8 0 122 4
8 0 20 2
8 0 58 2
8 0 196 2
8 0 354 4
8 0 360 4
8 0 197 2
8 0 999 2
8 0 1112 2
8 0 1005 4
8 0 492 5
9 0 21 3
9 0 22 3
9 0 550 3
9 0 534 5
10 0 259 3
10 0 405 3
10 0 302 2
10 0 436 2
10 0 437 2
10 0 438 2
10 0 998 2
10 0 1011 2
10 0 493 5
11 0 27 2
11 0 28 2
11 0 262 2
11 0 160 1
11 0 20 1
11 0 263 2
11 0 654 1
11 0 495 5
12 0 86 3
12 0 194 3
12 0 650 3
12 0 649 1
12 0 652 3
12 0 624 5
13 0 64 3
13 0 265 3
13 0 65 1
13 0 311 1
13 0 496 5
14 0 64 4
14 0 65 1
14 0 496 5
15 0 463 4
15 0 462 2
15 0 497 5
16 0 266 3
16 0 106 2
16 0 196 2
16 0 498 5
17 0 106 3
17 0 196 2
17 0 498 5
18 0 196 3
18 0 197 3
18 0 198 3
18 0 498 5
19 0 32 3
19 0 67 3
19 0 164 3
19 0 639 2
19 0 715 2
19 0 716 2
19 0 719 1
19 0 1379 1
19 0 717 2
19 0 499 5
20 0 87 2
20 0 88 2
20 0 104 2
20 0 267 2
20 0 268 2
20 0 269 2
20 0 270 2
20 0 407 2
20 0 408 2
20 0 500 5
21 0 271 4
21 0 16 3
21 0 413 3
21 0 414 2
21 0 502 5
22 0 68 4
22 0 502 5
23 0 900 4
23 0 902 4
23 0 200 3
23 0 201 3
23 0 601 3
23 0 899 2
23 0 903 2
23 0 593 2
23 0 199 1
23 0 594 1
23 0 901 3
23 0 544 3
23 0 597 3
23 0 749 2
23 0 917 2
23 0 919 2
23 0 1333 1
23 0 634 3
23 0 687 3
23 0 698 3
23 0 1290 2
23 0 700 3
23 0 704 3
23 0 705 3
23 0 1109 3
23 0 1112 3
23 0 1141 3
23 0 1197 3
23 0 1256 3
23 0 1259 3
23 0 1272 3
23 0 1289 3
23 0 892 5
24 0 46 3
24 0 47 3
24 0 92 2
24 0 756 5
25 0 213 3
25 0 212 2
25 0 214 2
25 0 215 2
25 0 216 2
25 0 276 2
25 0 277 2
25 0 426 2
25 0 427 2
25 0 511 5
26 0 145 4
26 0 611 4
26 0 376 3
26 0 406 3
26 0 565 3
26 0 1076 3
26 0 511 5
27 0 224 3
27 0 278 2
27 0 428 2
27 0 512 5
28 0 224 2
28 0 279 2
28 0 512 5
29 0 250 3
29 0 514 3
29 0 609 3
29 0 225 2
29 0 793 2
29 0 464 1
29 0 465 1
29 0 612 3
29 0 466 1
29 0 513 5
30 0 225 3
30 0 464 3
30 0 514 3
30 0 466 2
30 0 609 2
30 0 612 2
30 0 793 1
30 0 513 5
31 0 776 1
31 0 751 5
32 0 465 3
32 0 249 2
32 0 777 2
32 0 778 2
32 0 247 1
32 0 250 1
32 0 752 5
33 0 252 2
33 0 431 2
33 0 141 1
33 0 516 5
34 0 252 4
34 0 431 2
34 0 672 2
34 0 714 2
34 0 799 2
34 0 800 2
34 0 516 5
35 0 166 4
35 0 167 4
35 0 132 2
35 0 517 5
36 0 169 3
36 0 168 2
36 0 518 5
37 0 173 3
37 0 188 3
37 0 172 2
37 0 97 2
37 0 121 2
37 0 187 2
37 0 242 2
37 0 409 2
37 0 487 2
37 0 519 5
38 0 24 3
38 0 283 3
38 0 552 3
38 0 272 2
38 0 557 1
38 0 558 1
38 0 553 3
38 0 554 3
38 0 555 3
38 0 556 3
38 0 536 5
39 0 272 4
39 0 555 4
39 0 24 3
39 0 283 3
39 0 552 3
39 0 79 2
39 0 207 2
39 0 418 2
39 0 557 1
39 0 554 3
39 0 556 3
39 0 505 2
39 0 1257 2
39 0 536 5
40 0 24 3
40 0 283 3
40 0 552 3
40 0 272 2
40 0 85 2
40 0 976 2
40 0 557 1
40 0 558 1
40 0 553 3
40 0 554 3
40 0 555 3
40 0 556 3
40 0 536 5
41 0 288 4
41 0 289 4
41 0 433 3
41 0 520 5
42 0 468 3
42 0 467 2
42 0 469 2
42 0 470 2
42 0 775 1
42 0 521 5
43 0 467 4
43 0 468 4
43 0 39 2
43 0 503 2
43 0 775 2
43 0 469 4
43 0 521 5
44 0 302 2
44 0 436 2
44 0 437 1
44 0 524 5
45 0 305 3
45 0 570 3
45 0 308 2
45 0 481 2
45 0 338 2
45 0 1226 1
45 0 1355 1
45 0 1185 2
45 0 629 2
45 0 663 2
45 0 798 2
45 0 572 2
45 0 525 5
46 0 305 3
46 0 338 2
46 0 344 2
46 0 481 2
46 0 84 1
46 0 123 1
46 0 1185 1
46 0 623 2
46 0 570 2
46 0 798 2
46 0 1226 1
46 0 629 1
46 0 663 1
46 0 572 1
46 0 1355 1
46 0 525 5
47 0 304 3
47 0 306 3
47 0 307 3
47 0 305 2
47 0 629 2
47 0 663 2
47 0 308 1
47 0 309 3
47 0 310 3
47 0 570 3
47 0 798 2
47 0 1185 2
47 0 1355 2
47 0 572 3
47 0 525 5
48 0 439 3
48 0 311 2
48 0 316 2
48 0 440 2
48 0 187 1
48 0 314 1
48 0 315 1
48 0 797 2
48 0 798 2
48 0 794 1
48 0 265 1
48 0 526 5
49 0 320 2
49 0 478 1
49 0 527 5
50 0 326 3
50 0 629 3
50 0 21 1
50 0 94 1
50 0 22 1
50 0 306 1
50 0 528 5
51 0 94 4
51 0 23 3
51 0 105 3
51 0 381 3
51 0 192 2
51 0 326 1
51 0 63 1
51 0 494 3
51 0 629 3
51 0 261 1
51 0 528 5
52 0 21 3
52 0 22 3
52 0 306 3
52 0 326 1
52 0 528 5
53 0 296 2
53 0 33 2
53 0 446 1
53 0 447 1
53 0 448 1
53 0 449 1
53 0 208 1
53 0 297 1
53 0 298 1
53 0 299 1
53 0 531 5
54 0 84 3
54 0 24 2
54 0 101 2
54 0 294 2
54 0 628 1
54 0 661 1
54 0 364 2
54 0 365 2
54 0 560 2
54 0 123 5
55 0 16 3
55 0 375 3
55 0 460 3
55 0 378 2
55 0 255 2
55 0 271 2
55 0 376 1
55 0 377 1
55 0 562 3
55 0 502 2
55 0 538 5
56 0 380 3
56 0 749 2
56 0 1339 2
56 0 14 1
56 0 705 1
56 0 779 1
56 0 780 1
56 0 379 1
56 0 643 1
56 0 686 1
56 0 753 5
57 0 380 3
57 0 593 2
57 0 746 2
57 0 914 2
57 0 14 1
57 0 379 1
57 0 705 1
57 0 779 1
57 0 780 1
57 0 704 1
57 0 12 1
57 0 15 1
57 0 857 1
57 0 859 1
57 0 753 5
58 0 788 3
58 0 785 2
58 0 786 2
58 0 787 2
58 0 23 1
58 0 381 1
58 0 382 1
58 0 784 1
58 0 789 1
58 0 754 5
59 0 788 3
59 0 785 2
59 0 786 2
59 0 787 2
59 0 754 5
60 0 475 3
60 0 476 2
60 0 527 2
60 0 320 1
60 0 478 1
60 0 322 5
61 0 565 3
61 0 566 3
61 0 564 2
61 0 1159 2
61 0 661 1
61 0 539 5
62 0 566 4
62 0 567 3
62 0 1084 3
62 0 1078 2
62 0 1081 2
62 0 539 5
63 0 567 4
63 0 564 2
63 0 566 2
63 0 539 5
64 0 390 4
64 0 391 3
64 0 627 5
65 0 2 3
65 0 3 3
65 0 128 3
65 0 180 2
65 0 323 2
65 0 324 2
65 0 418 1
65 0 664 3
65 0 629 3
65 0 393 2
65 0 394 2
65 0 659 2
65 0 4 2
65 0 384 2
65 0 1302 2
65 0 388 5
66 0 664 3
66 0 629 3
66 0 180 2
66 0 659 2
66 0 660 2
66 0 388 5
67 0 2 4
67 0 3 4
67 0 664 3
67 0 629 3
67 0 323 2
67 0 324 2
67 0 393 2
67 0 128 4
67 0 180 4
67 0 394 2
67 0 659 2
67 0 389 2
67 0 4 2
67 0 1302 2
67 0 388 5
68 0 662 3
68 0 101 2
68 0 460 2
68 0 661 2
68 0 62 2
68 0 628 5
69 0 458 3
69 0 570 3
69 0 977 2
69 0 62 2
69 0 336 1
69 0 540 5
70 0 333 4
70 0 568 3
70 0 570 3
70 0 62 3
70 0 101 2
70 0 283 2
70 0 565 2
70 0 24 1
70 0 977 2
70 0 307 2
70 0 540 5
71 0 569 4
71 0 571 4
71 0 1355 3
71 0 101 2
71 0 655 2
71 0 1213 2
71 0 798 1
71 0 572 4
71 0 540 5
72 0 21 3
72 0 324 3
72 0 630 3
72 0 94 2
72 0 664 2
72 0 304 2
72 0 128 1
72 0 323 1
72 0 663 1
72 0 570 2
72 0 494 2
72 0 305 1
72 0 309 1
72 0 571 1
72 0 655 1
72 0 388 1
72 0 62 1
72 0 629 5
73 0 332 3
73 0 572 3
73 0 578 3
73 0 573 2
73 0 574 2
73 0 421 2
73 0 25 1
73 0 317 1
73 0 577 1
73 0 401 3
73 0 625 3
73 0 160 2
73 0 1213 2
73 0 1304 2
73 0 1198 1
73 0 655 1
73 0 1355 1
73 0 68 2
73 0 571 2
73 0 1252 2
73 0 541 5
74 0 576 3
74 0 656 3
74 0 575 2
74 0 317 1
74 0 574 1
74 0 578 1
74 0 541 5
75 0 667 3
75 0 324 2
75 0 378 2
75 0 666 2
75 0 670 2
75 0 630 5
76 0 378 3
76 0 667 3
76 0 324 2
76 0 666 2
76 0 670 2
76 0 1391 2
76 0 329 2
76 0 630 5
77 0 668 3
77 0 666 2
77 0 667 2
77 0 670 2
77 0 329 1
77 0 1391 1
77 0 630 5
78 0 588 3
78 0 589 2
78 0 590 2
78 0 543 5
79 0 597 2
79 0 598 2
79 0 688 1
79 0 708 1
79 0 713 1
79 0 544 5
80 0 594 4
80 0 597 4
80 0 596 2
80 0 598 2
80 0 544 5
81 0 672 4
81 0 799 1
81 0 631 5
82 0 676 3
82 0 677 3
82 0 678 2
82 0 679 2
82 0 205 2
82 0 632 5
83 0 680 3
83 0 681 3
83 0 682 3
83 0 683 3
83 0 633 5
84 0 606 3
84 0 406 3
84 0 608 2
84 0 142 2
84 0 294 2
84 0 354 1
84 0 522 1
84 0 962 2
84 0 1192 2
84 0 1213 2
84 0 873 1
84 0 546 5
85 0 608 4
85 0 406 3
85 0 606 2
85 0 710 2
85 0 546 5
86 0 594 2
86 0 790 2
86 0 755 5
87 0 606 3
87 0 611 3
87 0 562 2
87 0 50 1
87 0 236 1
87 0 609 1
87 0 612 1
87 0 406 1
87 0 547 5
88 0 613 3
88 0 614 3
88 0 615 3
88 0 616 2
88 0 617 2
88 0 618 1
88 0 548 5
89 0 793 3
89 0 794 3
89 0 797 2
89 0 795 1
89 0 796 1
89 0 420 1
89 0 757 5
90 0 794 3
90 0 797 3
90 0 798 3
90 0 793 2
90 0 796 2
90 0 291 2
90 0 800 1
90 0 1187 1
90 0 256 3
90 0 311 2
90 0 335 2
90 0 1364 2
90 0 1367 1
90 0 757 5
91 0 252 3
91 0 801 3
91 0 797 2
91 0 799 2
91 0 800 2
91 0 793 1
91 0 794 1
91 0 1154 2
91 0 672 1
91 0 757 5
92 0 802 3
92 0 803 3
92 0 808 2
92 0 809 2
92 0 811 2
92 0 804 1
92 0 805 1
92 0 806 1
92 0 253 2
92 0 1247 2
92 0 807 1
92 0 810 1
92 0 1243 1
92 0 758 5
93 0 691 2
93 0 635 5
94 0 24 4
94 0 283 2
94 0 294 2
94 0 559 2
94 0 689 1
94 0 690 1
94 0 101 1
94 0 1393 2
94 0 354 1
94 0 1104 1
94 0 1161 1
94 0 1395 1
94 0 635 5
95 0 283 4
95 0 662 1
95 0 635 5
96 0 703 2
96 0 704 2
96 0 705 2
96 0 698 1
96 0 699 1
96 0 700 1
96 0 1289 2
96 0 779 2
96 0 701 1
96 0 702 1
96 0 706 1
96 0 792 1
96 0 1339 1
96 0 637 5
97 0 699 2
97 0 700 2
97 0 701 2
97 0 698 1
97 0 1289 1
97 0 702 2
97 0 703 2
97 0 779 2
97 0 1339 1
97 0 681 2
97 0 637 5
98 0 713 3
98 0 708 1
98 0 709 1
98 0 711 1
98 0 712 1
98 0 638 5
99 0 717 3
99 0 719 3
99 0 1001 2
99 0 1379 2
99 0 639 5
100 0 821 3
100 0 822 3
100 0 824 3
100 0 820 2
100 0 823 2
100 0 825 2
100 0 1122 3
100 0 1051 2
100 0 1121 2
100 0 760 5
101 0 817 3
101 0 818 3
101 0 819 3
101 0 820 2
101 0 825 2
101 0 824 3
101 0 760 5
102 0 728 4
102 0 913 3
102 0 910 2
102 0 911 1
102 0 729 5
103 0 826 2
103 0 828 2
103 0 761 5
104 0 833 2
104 0 834 2
104 0 835 2
104 0 836 2
104 0 837 2
104 0 762 5
105 0 848 2
105 0 844 1
105 0 845 1
105 0 846 1
105 0 847 1
105 0 764 5
106 0 847 3
106 0 846 2
106 0 849 2
106 0 844 1
106 0 845 1
106 0 764 5
107 0 725 3
107 0 728 3
107 0 729 2
107 0 911 2
107 0 720 1
107 0 75 1
107 0 909 1
107 0 640 5
108 0 724 3
108 0 726 3
108 0 727 3
108 0 75 2
108 0 909 2
108 0 720 1
108 0 723 1
108 0 640 5
109 0 860 4
109 0 861 4
109 0 606 2
109 0 980 2
109 0 12 2
109 0 766 5
110 0 862 4
110 0 863 4
110 0 31 2
110 0 1174 1
110 0 766 5
111 0 15 3
111 0 391 3
111 0 864 3
111 0 914 2
111 0 392 2
111 0 627 2
111 0 658 2
111 0 894 5
112 0 731 2
112 0 730 1
112 0 641 5
113 0 746 2
113 0 748 2
113 0 749 2
113 0 265 2
113 0 643 5
114 0 919 4
114 0 916 3
114 0 920 2
114 0 921 2
114 0 895 5
115 0 51 3
115 0 185 3
115 0 878 2
115 0 874 1
115 0 184 5
116 0 922 4
116 0 360 2
116 0 605 2
116 0 927 2
116 0 492 1
116 0 896 5
117 0 360 3
117 0 605 2
117 0 896 5
118 0 923 3
118 0 924 2
118 0 925 2
118 0 896 5
119 0 926 1
119 0 897 5
120 0 829 3
120 0 887 3
120 0 890 3
120 0 885 2
120 0 886 2
120 0 888 2
120 0 889 1
120 0 1146 3
120 0 891 2
120 0 769 5
121 0 885 4
121 0 886 4
121 0 1146 3
121 0 887 4
121 0 888 4
121 0 890 4
121 0 891 4
121 0 769 5
122 0 931 1
122 0 932 3
122 0 934 1
122 0 935 1
122 0 936 3
122 0 937 3
122 0 938 3
122 0 957 2
122 0 1131 2
122 0 898 5
123 0 966 3
123 0 967 2
123 0 941 5
124 0 967 3
124 0 968 3
124 0 964 2
124 0 965 2
124 0 941 5
125 0 969 3
125 0 970 3
125 0 971 3
125 0 187 2
125 0 973 2
125 0 173 2
125 0 974 1
125 0 177 1
125 0 972 3
125 0 174 3
125 0 997 3
125 0 176 2
125 0 409 2
125 0 946 2
125 0 992 2
125 0 994 2
125 0 995 2
125 0 942 5
126 0 974 3
126 0 1326 3
126 0 187 2
126 0 969 2
126 0 970 2
126 0 971 2
126 0 972 2
126 0 973 2
126 0 942 5
127 0 101 3
127 0 164 3
127 0 981 2
127 0 982 1
127 0 983 1
127 0 944 5
128 0 985 2
128 0 990 2
128 0 945 5
129 0 985 3
129 0 987 3
129 0 984 2
129 0 988 2
129 0 989 2
129 0 986 1
129 0 990 2
129 0 945 5
130 0 766 3
130 0 858 2
130 0 859 2
130 0 1008 2
130 0 12 2
130 0 948 5
131 0 1014 3
131 0 1020 3
131 0 1013 2
131 0 1016 2
131 0 1017 2
131 0 1012 1
131 0 1018 2
131 0 1019 2
131 0 950 5
132 0 1014 4
132 0 1013 2
132 0 1015 2
132 0 1016 2
132 0 1012 1
132 0 1018 1
132 0 1019 1
132 0 1017 2
132 0 951 2
132 0 1023 2
132 0 1020 1
132 0 952 1
132 0 1024 1
132 0 1025 2
132 0 1026 2
132 0 950 5
133 0 1020 4
133 0 1018 3
133 0 1019 3
133 0 1024 2
133 0 1012 1
133 0 1016 1
133 0 1022 1
133 0 950 5
134 0 1027 3
134 0 1028 2
134 0 951 5
135 0 1018 4
135 0 1017 1
135 0 1023 1
135 0 1024 1
135 0 1025 1
135 0 1026 1
135 0 950 1
135 0 1016 1
135 0 951 5
136 0 1021 4
136 0 1022 1
136 0 1034 1
136 0 951 5
137 0 1029 3
137 0 1034 2
137 0 951 2
137 0 1021 2
137 0 952 5
138 0 846 4
138 0 1036 4
138 0 953 5
139 0 1031 3
139 0 1032 3
139 0 1035 3
139 0 1037 1
139 0 953 5
140 0 1038 4
140 0 1039 4
140 0 1041 3
140 0 1042 3
140 0 1043 1
140 0 1044 1
140 0 954 5
141 0 1038 4
141 0 1041 4
141 0 1043 3
141 0 1044 3
141 0 1039 2
141 0 1042 2
141 0 954 5
142 0 1042 4
142 0 954 5
143 0 1043 4
143 0 1044 4
143 0 954 5
144 0 840 3
144 0 1045 3
144 0 763 2
144 0 838 2
144 0 839 2
144 0 841 2
144 0 955 5
145 0 763 3
145 0 838 3
145 0 839 3
145 0 1045 2
145 0 743 2
145 0 852 1
145 0 841 3
145 0 955 5
146 0 840 4
146 0 1045 2
146 0 955 5
147 0 889 2
147 0 1046 2
147 0 1048 2
147 0 1047 1
147 0 1049 1
147 0 1051 1
147 0 1050 2
147 0 843 2
147 0 926 1
147 0 822 1
147 0 956 5
148 0 889 3
148 0 1048 3
148 0 1050 3
148 0 1046 2
148 0 1049 2
148 0 843 2
148 0 956 5
149 0 1057 2
149 0 1058 2
149 0 1059 2
149 0 1052 1
149 0 930 2
149 0 931 2
149 0 934 2
149 0 936 2
149 0 937 2
149 0 938 2
149 0 1131 2
149 0 957 5
150 0 1074 2
150 0 1075 2
150 0 1062 5
151 0 687 3
151 0 1076 3
151 0 1074 2
151 0 1075 1
151 0 1077 1
151 0 1062 5
152 0 1076 4
152 0 1077 2
152 0 569 2
152 0 572 2
152 0 687 1
152 0 655 2
152 0 1062 5
153 0 1078 2
153 0 1083 2
153 0 1084 2
153 0 1080 1
153 0 1081 1
153 0 1082 1
153 0 1085 2
153 0 1063 5
154 0 1087 3
154 0 1088 2
154 0 1063 5
155 0 1103 4
155 0 1100 3
155 0 983 2
155 0 1101 2
155 0 1104 2
155 0 1099 1
155 0 1065 5
156 0 983 4
156 0 1102 4
156 0 1097 3
156 0 1100 3
156 0 274 3
156 0 1096 2
156 0 1098 2
156 0 1099 2
156 0 1103 1
156 0 982 1
156 0 1104 4
156 0 553 3
156 0 1101 2
156 0 82 2
156 0 1065 5
157 0 273 3
157 0 1105 3
157 0 1106 3
157 0 93 2
157 0 161 2
157 0 302 2
157 0 122 1
157 0 666 1
157 0 1107 3
157 0 556 3
157 0 25 3
157 0 1011 2
157 0 19 2
157 0 35 2
157 0 1355 1
157 0 372 3
157 0 410 3
157 0 456 3
157 0 36 2
157 0 44 2
157 0 215 2
157 0 626 3
157 0 1151 3
157 0 354 2
157 0 369 2
157 0 370 2
157 0 421 2
157 0 557 2
157 0 605 2
157 0 655 2
157 0 657 2
157 0 689 2
157 0 1307 2
157 0 318 2
157 0 423 2
157 0 1304 2
157 0 160 2
157 0 482 2
157 0 572 2
157 0 1006 5
158 0 302 4
158 0 1011 4
158 0 552 3
158 0 998 2
158 0 1009 2
158 0 1010 2
158 0 273 1
158 0 556 1
158 0 1006 5
159 0 234 2
159 0 1108 2
159 0 1110 2
159 0 1114 1
159 0 1115 1
159 0 1111 2
159 0 1112 2
159 0 231 2
159 0 1066 5
160 0 1134 2
160 0 1137 2
160 0 1138 2
160 0 1135 1
160 0 1136 1
160 0 1071 5
161 0 54 3
161 0 1386 3
161 0 562 2
161 0 336 2
161 0 55 1
161 0 996 1
161 0 489 5
162 0 111 4
162 0 155 4
162 0 460 3
162 0 461 3
162 0 54 2
162 0 562 2
162 0 458 4
162 0 459 4
162 0 489 5
163 0 20 2
163 0 56 2
163 0 57 2
163 0 492 5
164 0 311 3
164 0 415 2
164 0 416 2
164 0 798 2
164 0 316 1
164 0 335 1
164 0 1364 2
164 0 1367 2
164 0 503 5
165 0 71 4
165 0 72 4
165 0 504 5
166 0 40 3
166 0 41 3
166 0 74 3
166 0 207 3
166 0 272 3
166 0 418 3
166 0 170 3
166 0 1264 3
166 0 504 5
167 0 274 3
167 0 82 2
167 0 509 5
168 0 217 4
168 0 774 4
168 0 750 5
169 0 118 4
169 0 157 4
169 0 774 4
169 0 775 4
169 0 750 5
170 0 139 3
170 0 238 3
170 0 239 2
170 0 904 2
170 0 906 2
170 0 672 2
170 0 893 5
171 0 252 4
171 0 431 4
171 0 141 1
171 0 516 5
172 0 320 4
172 0 321 4
172 0 322 2
172 0 476 2
172 0 527 5
173 0 367 4
173 0 451 4
173 0 532 5
174 0 58 4
174 0 411 4
174 0 36 3
174 0 423 1
174 0 482 4
174 0 533 5
175 0 351 3
175 0 966 3
175 0 967 3
175 0 964 2
175 0 965 2
175 0 941 5
176 0 582 4
176 0 583 4
176 0 584 2
176 0 585 2
176 0 978 1
176 0 586 4
176 0 982 4
176 0 542 5
177 0 588 3
177 0 589 3
177 0 592 2
177 0 772 2
177 0 590 1
177 0 543 5
178 0 591 4
178 0 590 2
178 0 588 1
178 0 589 1
178 0 543 5
179 0 680 2
179 0 681 2
179 0 682 2
179 0 683 2
179 0 633 5
180 0 622 3
180 0 619 2
180 0 620 2
180 0 621 2
180 0 617 1
180 0 616 1
180 0 1150 1
180 0 548 5
181 0 973 3
181 0 974 3
181 0 409 3
181 0 997 2
181 0 1061 2
181 0 942 5
182 0 685 4
182 0 686 2
182 0 634 5
183 0 803 4
183 0 808 4
183 0 802 3
183 0 807 2
183 0 811 2
183 0 253 2
183 0 804 1
183 0 805 1
183 0 806 1
183 0 809 4
183 0 810 1
183 0 1243 1
183 0 1247 1
183 0 758 5
184 0 32 2
184 0 67 2
184 0 715 2
184 0 717 1
184 0 716 2
184 0 499 2
184 0 1379 2
184 0 639 5
185 0 858 3
185 0 859 3
185 0 857 3
185 0 1008 2
185 0 856 2
185 0 15 1
185 0 285 1
185 0 894 1
185 0 766 3
185 0 948 5
186 0 1309 2
186 0 1378 2
186 0 923 2
186 0 161 1
186 0 421 1
186 0 1377 1
186 0 924 2
186 0 1062 2
186 0 1074 2
186 0 1379 1
186 0 1380 1
186 0 1075 2
186 0 225 2
186 0 1280 2
186 0 1305 2
186 0 1304 2
186 0 1188 5
187 0 838 2
187 0 839 2
187 0 840 2
187 0 743 1
187 0 842 2
187 0 1045 2
187 0 763 5
188 0 721 3
188 0 722 3
188 0 723 3
188 0 75 2
188 0 909 2
188 0 724 1
188 0 726 1
188 0 725 3
188 0 728 3
188 0 729 3
188 0 911 3
188 0 640 5
189 0 395 3
189 0 866 3
189 0 869 3
189 0 865 2
189 0 868 2
189 0 870 2
189 0 867 1
189 0 872 2
189 0 873 2
189 0 767 5
190 0 15 4
190 0 391 4
190 0 285 3
190 0 390 2
190 0 864 2
190 0 894 5
191 0 914 4
191 0 915 4
191 0 285 3
191 0 857 3
191 0 858 3
191 0 15 2
191 0 391 2
191 0 856 2
191 0 390 1
191 0 1008 1
191 0 948 2
191 0 864 2
191 0 658 2
191 0 894 5
192 0 733 4
192 0 734 4
192 0 735 4
192 0 736 4
192 0 641 5
193 0 730 2
193 0 422 2
193 0 648 2
193 0 731 1
193 0 733 1
193 0 734 1
193 0 1392 2
193 0 735 1
193 0 736 1
193 0 641 5
194 0 739 3
194 0 740 3
194 0 742 3
194 0 744 2
194 0 741 1
194 0 743 3
194 0 642 5
195 0 739 2
195 0 742 2
195 0 743 2
195 0 642 5
196 0 51 3
196 0 185 3
196 0 874 3
196 0 878 2
196 0 879 2
196 0 880 2
196 0 12 1
196 0 875 3
196 0 876 3
196 0 202 2
196 0 746 2
196 0 13 2
196 0 184 5
197 0 881 3
197 0 883 2
197 0 884 2
197 0 768 5
198 0 887 3
198 0 888 3
198 0 889 3
198 0 843 2
198 0 769 5
199 0 1052 4
199 0 1053 4
199 0 1054 3
199 0 1055 3
199 0 1056 3
199 0 1060 3
199 0 743 3
199 0 744 3
199 0 957 5
200 0 1134 3
200 0 1137 3
200 0 1138 3
200 0 1071 5
201 0 552 3
201 0 625 3
201 0 1296 3
201 0 93 2
201 0 1151 2
201 0 401 2
201 0 110 1
201 0 1391 1
201 0 423 1
201 0 541 2
201 0 1295 2
201 0 318 2
201 0 1304 1
201 0 160 1
201 0 369 1
201 0 482 1
201 0 1140 5
202 0 1303 3
202 0 1304 3
202 0 1309 3
202 0 1306 2
202 0 1308 2
202 0 605 2
202 0 602 1
202 0 603 1
202 0 604 1
202 0 1110 3
202 0 1305 1
202 0 1310 1
202 0 48 1
202 0 232 1
202 0 1285 5
203 0 58 2
203 0 1305 2
203 0 1306 2
203 0 602 1
203 0 603 1
203 0 604 1
203 0 1307 2
203 0 1310 2
203 0 19 2
203 0 232 1
203 0 323 1
203 0 688 1
203 0 122 2
203 0 1188 1
203 0 1285 5
204 0 572 3
204 0 1311 3
204 0 63 2
204 0 540 2
204 0 602 1
204 0 603 1
204 0 604 1
204 0 1305 1
204 0 1188 1
204 0 307 1
204 0 1213 1
204 0 655 1
204 0 1355 1
204 0 68 1
204 0 1285 5
205 0 1321 3
205 0 1322 3
205 0 1287 5
206 0 1338 3
206 0 1341 3
206 0 1340 2
206 0 1290 5
207 0 1338 3
207 0 1339 3
207 0 1340 2
207 0 1341 2
207 0 879 1
207 0 1290 5
208 0 163 2
208 0 1344 2
208 0 1345 2
208 0 164 1
208 0 1347 1
208 0 1346 2
208 0 1291 5
209 0 1351 3
209 0 1356 3
209 0 1350 2
209 0 187 2
209 0 487 2
209 0 45 1
209 0 55 1
209 0 316 1
209 0 1383 2
209 0 1385 2
209 0 1106 1
209 0 1228 1
209 0 1292 5
210 0 1171 3
210 0 891 2
210 0 1172 2
210 0 1173 2
210 0 1030 1
210 0 1174 2
210 0 1145 5
211 0 891 3
211 0 1172 3
211 0 1173 2
211 0 1174 2
211 0 763 2
211 0 769 1
211 0 1030 1
211 0 1031 1
211 0 1033 1
211 0 1052 1
211 0 1068 1
211 0 1145 5
212 0 888 3
212 0 889 3
212 0 1178 3
212 0 885 2
212 0 887 2
212 0 886 2
212 0 841 1
212 0 1176 1
212 0 1177 1
212 0 890 2
212 0 769 2
212 0 891 2
212 0 1173 2
212 0 843 2
212 0 1146 5
213 0 888 4
213 0 885 3
213 0 887 3
213 0 889 3
213 0 1178 2
213 0 769 2
213 0 1173 2
213 0 1177 1
213 0 886 2
213 0 890 2
213 0 843 2
213 0 1146 5
214 0 833 2
214 0 1361 2
214 0 1362 2
214 0 1363 2
214 0 1294 5
215 0 37 1
215 0 35 1
215 0 535 5
216 0 156 4
216 0 506 5
217 0 666 4
217 0 667 4
217 0 1258 3
217 0 1394 3
217 0 668 2
217 0 670 2
217 0 1204 2
217 0 1391 1
217 0 1395 4
217 0 1300 2
217 0 37 2
217 0 559 2
217 0 630 2
217 0 1107 2
217 0 1213 2
217 0 1191 5
218 0 24 4
218 0 101 4
218 0 666 2
218 0 667 2
218 0 93 2
218 0 1258 1
218 0 1393 4
218 0 559 2
218 0 630 2
218 0 662 2
218 0 1104 2
218 0 1107 2
218 0 1204 2
218 0 1213 2
218 0 1300 2
218 0 1191 5
219 0 1391 4
219 0 666 3
219 0 667 3
219 0 1258 3
219 0 1078 2
219 0 1080 2
219 0 1081 2
219 0 1394 3
219 0 1395 3
219 0 1214 2
219 0 1198 2
219 0 1204 2
219 0 1300 2
219 0 559 2
219 0 630 2
219 0 662 2
219 0 1107 2
219 0 1213 2
219 0 1191 5
220 0 1383 3
220 0 1385 3
220 0 155 2
220 0 241 2
220 0 1382 2
220 0 1370 1
220 0 1386 1
220 0 111 1
220 0 1384 2
220 0 150 2
220 0 292 2
220 0 458 1
220 0 479 1
220 0 977 1
220 0 376 2
220 0 459 2
220 0 1365 2
220 0 62 2
220 0 1366 2
220 0 1182 5
221 0 155 3
221 0 1383 3
221 0 1385 3
221 0 1382 2
221 0 62 2
221 0 292 2
221 0 241 1
221 0 1370 1
221 0 1384 1
221 0 458 2
221 0 459 2
221 0 461 2
221 0 1386 1
221 0 1365 2
221 0 1366 2
221 0 111 2
221 0 150 2
221 0 479 2
221 0 1182 5
222 0 400 2
222 0 419 2
222 0 1387 2
222 0 412 1
222 0 1392 1
222 0 1398 1
222 0 1397 2
222 0 1400 2
222 0 1399 1
222 0 1396 5
223 0 400 2
223 0 1387 2
223 0 1392 2
223 0 1398 2
223 0 1396 5
224 0 656 2
224 0 1313 2
224 0 1317 2
224 0 1316 1
224 0 1318 2
224 0 1319 2
224 0 1157 2
224 0 1274 2
224 0 1286 5
225 0 1379 3
225 0 1305 3
225 0 1304 3
225 0 40 2
225 0 293 2
225 0 1309 2
225 0 161 1
225 0 421 1
225 0 1377 1
225 0 1378 2
225 0 1381 2
225 0 225 2
225 0 1380 1
225 0 448 2
225 0 449 2
225 0 1124 2
225 0 1280 2
225 0 433 2
225 0 923 2
225 0 924 2
225 0 1062 2
225 0 1074 2
225 0 1075 2
225 0 1213 2
225 0 1188 5